5499 5500,0.000100000000
55 56,0.000100000000
550 551,0.000100000000
5500 5501,0.000100000000
5501 5502,0.000100000000
5502 5503,0.000100000000
5503 5504,0.000100000000
5504 5505,0.000100000000
5505 5506,0.000100000000
5506 5507,0.000100000000
5507 5508,0.000100000000
5508 5509,0.000100000000
5509 5510,0.000100000000
551 552,0.000100000000
5510 5511,0.000100000000
5511 5512,0.000100000000
5512 5513,0.000100000000
5513 5514,0.000100000000
5514 5515,0.000100000000
5515 5516,0.000100000000
5516 5517,0.000100000000
5517 5518,0.000100000000
5518 5519,0.000100000000
5519 5520,0.000100000000
552 553,0.000100000000
5520 5521,0.000100000000
5521 5522,0.000100000000
5522 5523,0.000100000000
5523 5524,0.000100000000
5524 5525,0.000100000000
5525 5526,0.000100000000
5526 5527,0.000100000000
5527 5528,0.000100000000
5528 5529,0.000100000000
5529 5530,0.000100000000
553 554,0.000100000000
5530 5531,0.000100000000
5531 5532,0.000100000000
5532 5533,0.000100000000
5533 5534,0.000100000000
5534 5535,0.000100000000
5535 5536,0.000100000000
5536 5537,0.000100000000
5537 5538,0.000100000000
5538 5539,0.000100000000
5539 5540,0.000100000000
554 555,0.000100000000
5540 5541,0.000100000000
5541 5542,0.000100000000
5542 5543,0.000100000000
5543 5544,0.000100000000
5544 5545,0.000100000000
5545 5546,0.000100000000
5546 5547,0.000100000000
5547 5548,0.000100000000
5548 5549,0.000100000000
5549 5550,0.000100000000
555 556,0.000100000000
5550 5551,0.000100000000
5551 5552,0.000100000000
5552 5553,0.000100000000
5553 5554,0.000100000000
5554 5555,0.000100000000
5555 5556,0.000100000000
5556 5557,0.000100000000
5557 5558,0.000100000000
5558 5559,0.000100000000
5559 5560,0.000100000000
556 557,0.000100000000
5560 5561,0.000100000000
5561 5562,0.000100000000
5562 5563,0.000100000000
5563 5564,0.000100000000
5564 5565,0.000100000000
5565 5566,0.000100000000
5566 5567,0.000100000000
5567 5568,0.000100000000
5568 5569,0.000100000000
5569 5570,0.000100000000
557 558,0.000100000000
5570 5571,0.000100000000
5571 5572,0.000100000000
5572 5573,0.000100000000
5573 5574,0.000100000000
5574 5575,0.000100000000
5575 5576,0.000100000000
5576 5577,0.000100000000
5577 5578,0.000100000000
5578 5579,0.000100000000
5579 5580,0.000100000000
558 559,0.000100000000
5580 5581,0.000100000000
5581 5582,0.000100000000
5582 5583,0.000100000000
5583 5584,0.000100000000
5584 5585,0.000100000000
5585 5586,0.000100000000
5586 5587,0.000100000000
5587 5588,0.000100000000
5588 5589,0.000100000000
5589 5590,0.000100000000
559 560,0.000100000000
5590 5591,0.000100000000
5591 5592,0.000100000000
5592 5593,0.000100000000
5593 5594,0.000100000000
5594 5595,0.000100000000
5595 5596,0.000100000000
5596 5597,0.000100000000
5597 5598,0.000100000000
5598 5599,0.000100000000
5599 5600,0.000100000000
56 57,0.000100000000
560 561,0.000100000000
5600 5601,0.000100000000
5601 5602,0.000100000000
5602 5603,0.000100000000
5603 5604,0.000100000000
5604 5605,0.000100000000
5605 5606,0.000100000000
5606 5607,0.000100000000
5607 5608,0.000100000000
5608 5609,0.000100000000
5609 5610,0.000100000000
561 562,0.000100000000
5610 5611,0.000100000000
5611 5612,0.000100000000
5612 5613,0.000100000000
5613 5614,0.000100000000
5614 5615,0.000100000000
5615 5616,0.000100000000
5616 5617,0.000100000000
5617 5618,0.000100000000
5618 5619,0.000100000000
5619 5620,0.000100000000
562 563,0.000100000000
5620 5621,0.000100000000
5621 5622,0.000100000000
5622 5623,0.000100000000
5623 5624,0.000100000000
5624 5625,0.000100000000
5625 5626,0.000100000000
5626 5627,0.000100000000
5627 5628,0.000100000000
5628 5629,0.000100000000
5629 5630,0.000100000000
563 564,0.000100000000
5630 5631,0.000100000000
5631 5632,0.000100000000
5632 5633,0.000100000000
5633 5634,0.000100000000
5634 5635,0.000100000000
5635 5636,0.000100000000
5636 5637,0.000100000000
5637 5638,0.000100000000
5638 5639,0.000100000000
5639 5640,0.000100000000
564 565,0.000100000000
5640 5641,0.000100000000
5641 5642,0.000100000000
5642 5643,0.000100000000
5643 5644,0.000100000000
5644 5645,0.000100000000
5645 5646,0.000100000000
5646 5647,0.000100000000
5647 5648,0.000100000000
5648 5649,0.000100000000
5649 5650,0.000100000000
565 566,0.000100000000
5650 5651,0.000100000000
5651 5652,0.000100000000
5652 5653,0.000100000000
5653 5654,0.000100000000
5654 5655,0.000100000000
5655 5656,0.000100000000
5656 5657,0.000100000000
5657 5658,0.000100000000
5658 5659,0.000100000000
5659 5660,0.000100000000
566 567,0.000100000000
5660 5661,0.000100000000
5661 5662,0.000100000000
5662 5663,0.000100000000
5663 5664,0.000100000000
5664 5665,0.000100000000
5665 5666,0.000100000000
5666 5667,0.000100000000
5667 5668,0.000100000000
5668 5669,0.000100000000
5669 5670,0.000100000000
567 568,0.000100000000
5670 5671,0.000100000000
5671 5672,0.000100000000
5672 5673,0.000100000000
5673 5674,0.000100000000
5674 5675,0.000100000000
5675 5676,0.000100000000
5676 5677,0.000100000000
5677 5678,0.000100000000
5678 5679,0.000100000000
5679 5680,0.000100000000
568 569,0.000100000000
5680 5681,0.000100000000
5681 5682,0.000100000000
5682 5683,0.000100000000
5683 5684,0.000100000000
5684 5685,0.000100000000
5685 5686,0.000100000000
5686 5687,0.000100000000
5687 5688,0.000100000000
5688 5689,0.000100000000
5689 5690,0.000100000000
569 570,0.000100000000
5690 5691,0.000100000000
5691 5692,0.000100000000
5692 5693,0.000100000000
5693 5694,0.000100000000
5694 5695,0.000100000000
5695 5696,0.000100000000
5696 5697,0.000100000000
5697 5698,0.000100000000
5698 5699,0.000100000000
5699 5700,0.000100000000
57 58,0.000100000000
570 571,0.000100000000
5700 5701,0.000100000000
5701 5702,0.000100000000
5702 5703,0.000100000000
5703 5704,0.000100000000
5704 5705,0.000100000000
5705 5706,0.000100000000
5706 5707,0.000100000000
5707 5708,0.000100000000
5708 5709,0.000100000000
5709 5710,0.000100000000
571 572,0.000100000000
5710 5711,0.000100000000
5711 5712,0.000100000000
5712 5713,0.000100000000
5713 5714,0.000100000000
5714 5715,0.000100000000
5715 5716,0.000100000000
5716 5717,0.000100000000
5717 5718,0.000100000000
5718 5719,0.000100000000
5719 5720,0.000100000000
572 573,0.000100000000
5720 5721,0.000100000000
5721 5722,0.000100000000
5722 5723,0.000100000000
5723 5724,0.000100000000
5724 5725,0.000100000000
5725 5726,0.000100000000
5726 5727,0.000100000000
5727 5728,0.000100000000
5728 5729,0.000100000000
5729 5730,0.000100000000
573 574,0.000100000000
5730 5731,0.000100000000
5731 5732,0.000100000000
5732 5733,0.000100000000
5733 5734,0.000100000000
5734 5735,0.000100000000
5735 5736,0.000100000000
5736 5737,0.000100000000
5737 5738,0.000100000000
5738 5739,0.000100000000
5739 5740,0.000100000000
574 575,0.000100000000
5740 5741,0.000100000000
5741 5742,0.000100000000
5742 5743,0.000100000000
5743 5744,0.000100000000
5744 5745,0.000100000000
5745 5746,0.000100000000
5746 5747,0.000100000000
5747 5748,0.000100000000
5748 5749,0.000100000000
5749 5750,0.000100000000
575 576,0.000100000000
5750 5751,0.000100000000
5751 5752,0.000100000000
5752 5753,0.000100000000
5753 5754,0.000100000000
5754 5755,0.000100000000
5755 5756,0.000100000000
5756 5757,0.000100000000
5757 5758,0.000100000000
5758 5759,0.000100000000
5759 5760,0.000100000000
576 577,0.000100000000
5760 5761,0.000100000000
5761 5762,0.000100000000
5762 5763,0.000100000000
5763 5764,0.000100000000
5764 5765,0.000100000000
5765 5766,0.000100000000
5766 5767,0.000100000000
5767 5768,0.000100000000
5768 5769,0.000100000000
5769 5770,0.000100000000
577 578,0.000100000000
5770 5771,0.000100000000
5771 5772,0.000100000000
5772 5773,0.000100000000
5773 5774,0.000100000000
5774 5775,0.000100000000
5775 5776,0.000100000000
5776 5777,0.000100000000
5777 5778,0.000100000000
5778 5779,0.000100000000
5779 5780,0.000100000000
578 579,0.000100000000
5780 5781,0.000100000000
5781 5782,0.000100000000
5782 5783,0.000100000000
5783 5784,0.000100000000
5784 5785,0.000100000000
5785 5786,0.000100000000
5786 5787,0.000100000000
5787 5788,0.000100000000
5788 5789,0.000100000000
5789 5790,0.000100000000
579 580,0.000100000000
5790 5791,0.000100000000
5791 5792,0.000100000000
5792 5793,0.000100000000
5793 5794,0.000100000000
5794 5795,0.000100000000
5795 5796,0.000100000000
5796 5797,0.000100000000
5797 5798,0.000100000000
5798 5799,0.000100000000
5799 5800,0.000100000000
58 59,0.000100000000
580 581,0.000100000000
5800 5801,0.000100000000
5801 5802,0.000100000000
5802 5803,0.000100000000
5803 5804,0.000100000000
5804 5805,0.000100000000
5805 5806,0.000100000000
5806 5807,0.000100000000
5807 5808,0.000100000000
5808 5809,0.000100000000
5809 5810,0.000100000000
581 582,0.000100000000
5810 5811,0.000100000000
5811 5812,0.000100000000
5812 5813,0.000100000000
5813 5814,0.000100000000
5814 5815,0.000100000000
5815 5816,0.000100000000
5816 5817,0.000100000000
5817 5818,0.000100000000
5818 5819,0.000100000000
5819 5820,0.000100000000
582 583,0.000100000000
5820 5821,0.000100000000
5821 5822,0.000100000000
5822 5823,0.000100000000
5823 5824,0.000100000000
5824 5825,0.000100000000
5825 5826,0.000100000000
5826 5827,0.000100000000
5827 5828,0.000100000000
5828 5829,0.000100000000
5829 5830,0.000100000000
583 584,0.000100000000
5830 5831,0.000100000000
5831 5832,0.000100000000
5832 5833,0.000100000000
5833 5834,0.000100000000
5834 5835,0.000100000000
5835 5836,0.000100000000
5836 5837,0.000100000000
5837 5838,0.000100000000
5838 5839,0.000100000000
5839 5840,0.000100000000
584 585,0.000100000000
5840 5841,0.000100000000
5841 5842,0.000100000000
5842 5843,0.000100000000
5843 5844,0.000100000000
5844 5845,0.000100000000
5845 5846,0.000100000000
5846 5847,0.000100000000
5847 5848,0.000100000000
5848 5849,0.000100000000
5849 5850,0.000100000000
585 586,0.000100000000
5850 5851,0.000100000000
5851 5852,0.000100000000
5852 5853,0.000100000000
5853 5854,0.000100000000
5854 5855,0.000100000000
5855 5856,0.000100000000
5856 5857,0.000100000000
5857 5858,0.000100000000
5858 5859,0.000100000000
5859 5860,0.000100000000
586 587,0.000100000000
5860 5861,0.000100000000
5861 5862,0.000100000000
5862 5863,0.000100000000
5863 5864,0.000100000000
5864 5865,0.000100000000
5865 5866,0.000100000000
5866 5867,0.000100000000
5867 5868,0.000100000000
5868 5869,0.000100000000
5869 5870,0.000100000000
587 588,0.000100000000
5870 5871,0.000100000000
5871 5872,0.000100000000
5872 5873,0.000100000000
5873 5874,0.000100000000
5874 5875,0.000100000000
5875 5876,0.000100000000
5876 5877,0.000100000000
5877 5878,0.000100000000
5878 5879,0.000100000000
5879 5880,0.000100000000
588 589,0.000100000000
5880 5881,0.000100000000
5881 5882,0.000100000000
5882 5883,0.000100000000
5883 5884,0.000100000000
5884 5885,0.000100000000
5885 5886,0.000100000000
5886 5887,0.000100000000
5887 5888,0.000100000000
5888 5889,0.000100000000
5889 5890,0.000100000000
589 590,0.000100000000
5890 5891,0.000100000000
5891 5892,0.000100000000
5892 5893,0.000100000000
5893 5894,0.000100000000
5894 5895,0.000100000000
5895 5896,0.000100000000
5896 5897,0.000100000000
5897 5898,0.000100000000
5898 5899,0.000100000000
5899 5900,0.000100000000
59 60,0.000100000000
590 591,0.000100000000
5900 5901,0.000100000000
5901 5902,0.000100000000
5902 5903,0.000100000000
5903 5904,0.000100000000
5904 5905,0.000100000000
5905 5906,0.000100000000
5906 5907,0.000100000000
5907 5908,0.000100000000
5908 5909,0.000100000000
5909 5910,0.000100000000
591 592,0.000100000000
5910 5911,0.000100000000
5911 5912,0.000100000000
5912 5913,0.000100000000
5913 5914,0.000100000000
5914 5915,0.000100000000
5915 5916,0.000100000000
5916 5917,0.000100000000
5917 5918,0.000100000000
5918 5919,0.000100000000
5919 5920,0.000100000000
592 593,0.000100000000
5920 5921,0.000100000000
5921 5922,0.000100000000
5922 5923,0.000100000000
5923 5924,0.000100000000
5924 5925,0.000100000000
5925 5926,0.000100000000
5926 5927,0.000100000000
5927 5928,0.000100000000
5928 5929,0.000100000000
5929 5930,0.000100000000
593 594,0.000100000000
5930 5931,0.000100000000
5931 5932,0.000100000000
5932 5933,0.000100000000
5933 5934,0.000100000000
5934 5935,0.000100000000
5935 5936,0.000100000000
5936 5937,0.000100000000
5937 5938,0.000100000000
5938 5939,0.000100000000
5939 5940,0.000100000000
594 595,0.000100000000
5940 5941,0.000100000000
5941 5942,0.000100000000
5942 5943,0.000100000000
5943 5944,0.000100000000
5944 5945,0.000100000000
5945 5946,0.000100000000
5946 5947,0.000100000000
5947 5948,0.000100000000
5948 5949,0.000100000000
