1899 1900,0.000100000000
19 20,0.000100000000
190 191,0.000100000000
1900 1901,0.000100000000
1901 1902,0.000100000000
1902 1903,0.000100000000
1903 1904,0.000100000000
1904 1905,0.000100000000
1905 1906,0.000100000000
1906 1907,0.000100000000
1907 1908,0.000100000000
1908 1909,0.000100000000
1909 1910,0.000100000000
191 192,0.000100000000
1910 1911,0.000100000000
1911 1912,0.000100000000
1912 1913,0.000100000000
1913 1914,0.000100000000
1914 1915,0.000100000000
1915 1916,0.000100000000
1916 1917,0.000100000000
1917 1918,0.000100000000
1918 1919,0.000100000000
1919 1920,0.000100000000
192 193,0.000100000000
1920 1921,0.000100000000
1921 1922,0.000100000000
1922 1923,0.000100000000
1923 1924,0.000100000000
1924 1925,0.000100000000
1925 1926,0.000100000000
1926 1927,0.000100000000
1927 1928,0.000100000000
1928 1929,0.000100000000
1929 1930,0.000100000000
193 194,0.000100000000
1930 1931,0.000100000000
1931 1932,0.000100000000
1932 1933,0.000100000000
1933 1934,0.000100000000
1934 1935,0.000100000000
1935 1936,0.000100000000
1936 1937,0.000100000000
1937 1938,0.000100000000
1938 1939,0.000100000000
1939 1940,0.000100000000
194 195,0.000100000000
1940 1941,0.000100000000
1941 1942,0.000100000000
1942 1943,0.000100000000
1943 1944,0.000100000000
1944 1945,0.000100000000
1945 1946,0.000100000000
1946 1947,0.000100000000
1947 1948,0.000100000000
1948 1949,0.000100000000
1949 1950,0.000100000000
195 196,0.000100000000
1950 1951,0.000100000000
1951 1952,0.000100000000
1952 1953,0.000100000000
1953 1954,0.000100000000
1954 1955,0.000100000000
1955 1956,0.000100000000
1956 1957,0.000100000000
1957 1958,0.000100000000
1958 1959,0.000100000000
1959 1960,0.000100000000
196 197,0.000100000000
1960 1961,0.000100000000
1961 1962,0.000100000000
1962 1963,0.000100000000
1963 1964,0.000100000000
1964 1965,0.000100000000
1965 1966,0.000100000000
1966 1967,0.000100000000
1967 1968,0.000100000000
1968 1969,0.000100000000
1969 1970,0.000100000000
197 198,0.000100000000
1970 1971,0.000100000000
1971 1972,0.000100000000
1972 1973,0.000100000000
1973 1974,0.000100000000
1974 1975,0.000100000000
1975 1976,0.000100000000
1976 1977,0.000100000000
1977 1978,0.000100000000
1978 1979,0.000100000000
1979 1980,0.000100000000
198 199,0.000100000000
1980 1981,0.000100000000
1981 1982,0.000100000000
1982 1983,0.000100000000
1983 1984,0.000100000000
1984 1985,0.000100000000
1985 1986,0.000100000000
1986 1987,0.000100000000
1987 1988,0.000100000000
1988 1989,0.000100000000
1989 1990,0.000100000000
199 200,0.000100000000
1990 1991,0.000100000000
1991 1992,0.000100000000
1992 1993,0.000100000000
1993 1994,0.000100000000
1994 1995,0.000100000000
1995 1996,0.000100000000
1996 1997,0.000100000000
1997 1998,0.000100000000
1998 1999,0.000100000000
1999 2000,0.000100000000
2 3,0.000027750000
20 21,0.000100000000
200 201,0.000100000000
2000 2001,0.000100000000
2001 2002,0.000100000000
2002 2003,0.000100000000
2003 2004,0.000100000000
2004 2005,0.000100000000
2005 2006,0.000100000000
2006 2007,0.000100000000
2007 2008,0.000100000000
2008 2009,0.000100000000
2009 2010,0.000100000000
201 202,0.000100000000
2010 2011,0.000100000000
2011 2012,0.000100000000
2012 2013,0.000100000000
2013 2014,0.000100000000
2014 2015,0.000100000000
2015 2016,0.000100000000
2016 2017,0.000100000000
2017 2018,0.000100000000
2018 2019,0.000100000000
2019 2020,0.000100000000
202 203,0.000100000000
2020 2021,0.000100000000
2021 2022,0.000100000000
2022 2023,0.000100000000
2023 2024,0.000100000000
2024 2025,0.000100000000
2025 2026,0.000100000000
2026 2027,0.000100000000
2027 2028,0.000100000000
2028 2029,0.000100000000
2029 2030,0.000100000000
203 204,0.000100000000
2030 2031,0.000100000000
2031 2032,0.000100000000
2032 2033,0.000100000000
2033 2034,0.000100000000
2034 2035,0.000100000000
2035 2036,0.000100000000
2036 2037,0.000100000000
2037 2038,0.000100000000
2038 2039,0.000100000000
2039 2040,0.000100000000
204 205,0.000100000000
2040 2041,0.000100000000
2041 2042,0.000100000000
2042 2043,0.000100000000
2043 2044,0.000100000000
2044 2045,0.000100000000
2045 2046,0.000100000000
2046 2047,0.000100000000
2047 2048,0.000100000000
2048 2049,0.000100000000
2049 2050,0.000100000000
205 206,0.000100000000
2050 2051,0.000100000000
2051 2052,0.000100000000
2052 2053,0.000100000000
2053 2054,0.000100000000
2054 2055,0.000100000000
2055 2056,0.000100000000
2056 2057,0.000100000000
2057 2058,0.000100000000
2058 2059,0.000100000000
2059 2060,0.000100000000
206 207,0.000100000000
2060 2061,0.000100000000
2061 2062,0.000100000000
2062 2063,0.000100000000
2063 2064,0.000100000000
2064 2065,0.000100000000
2065 2066,0.000100000000
2066 2067,0.000100000000
2067 2068,0.000100000000
2068 2069,0.000100000000
2069 2070,0.000100000000
207 208,0.000100000000
2070 2071,0.000100000000
2071 2072,0.000100000000
2072 2073,0.000100000000
2073 2074,0.000100000000
2074 2075,0.000100000000
2075 2076,0.000100000000
2076 2077,0.000100000000
2077 2078,0.000100000000
2078 2079,0.000100000000
2079 2080,0.000100000000
208 209,0.000100000000
2080 2081,0.000100000000
2081 2082,0.000100000000
2082 2083,0.000100000000
2083 2084,0.000100000000
2084 2085,0.000100000000
2085 2086,0.000100000000
2086 2087,0.000100000000
2087 2088,0.000100000000
2088 2089,0.000100000000
2089 2090,0.000100000000
209 210,0.000100000000
2090 2091,0.000100000000
2091 2092,0.000100000000
2092 2093,0.000100000000
2093 2094,0.000100000000
2094 2095,0.000100000000
2095 2096,0.000100000000
2096 2097,0.000100000000
2097 2098,0.000100000000
2098 2099,0.000100000000
2099 2100,0.000100000000
21 22,0.000100000000
210 211,0.000100000000
2100 2101,0.000100000000
2101 2102,0.000100000000
2102 2103,0.000100000000
2103 2104,0.000100000000
2104 2105,0.000100000000
2105 2106,0.000100000000
2106 2107,0.000100000000
2107 2108,0.000100000000
2108 2109,0.000100000000
2109 2110,0.000100000000
211 212,0.000100000000
2110 2111,0.000100000000
2111 2112,0.000100000000
2112 2113,0.000100000000
2113 2114,0.000100000000
2114 2115,0.000100000000
2115 2116,0.000100000000
2116 2117,0.000100000000
2117 2118,0.000100000000
2118 2119,0.000100000000
2119 2120,0.000100000000
212 213,0.000100000000
2120 2121,0.000100000000
2121 2122,0.000100000000
2122 2123,0.000100000000
2123 2124,0.000100000000
2124 2125,0.000100000000
2125 2126,0.000100000000
2126 2127,0.000100000000
2127 2128,0.000100000000
2128 2129,0.000100000000
2129 2130,0.000100000000
213 214,0.000100000000
2130 2131,0.000100000000
2131 2132,0.000100000000
2132 2133,0.000100000000
2133 2134,0.000100000000
2134 2135,0.000100000000
2135 2136,0.000100000000
2136 2137,0.000100000000
2137 2138,0.000100000000
2138 2139,0.000100000000
2139 2140,0.000100000000
214 215,0.000100000000
2140 2141,0.000100000000
2141 2142,0.000100000000
2142 2143,0.000100000000
2143 2144,0.000100000000
2144 2145,0.000100000000
2145 2146,0.000100000000
2146 2147,0.000100000000
2147 2148,0.000100000000
2148 2149,0.000100000000
2149 2150,0.000100000000
215 216,0.000100000000
2150 2151,0.000100000000
2151 2152,0.000100000000
2152 2153,0.000100000000
2153 2154,0.000100000000
2154 2155,0.000100000000
2155 2156,0.000100000000
2156 2157,0.000100000000
2157 2158,0.000100000000
2158 2159,0.000100000000
2159 2160,0.000100000000
216 217,0.000100000000
2160 2161,0.000100000000
2161 2162,0.000100000000
2162 2163,0.000100000000
2163 2164,0.000100000000
2164 2165,0.000100000000
2165 2166,0.000100000000
2166 2167,0.000100000000
2167 2168,0.000100000000
2168 2169,0.000100000000
2169 2170,0.000100000000
217 218,0.000100000000
2170 2171,0.000100000000
2171 2172,0.000100000000
2172 2173,0.000100000000
2173 2174,0.000100000000
2174 2175,0.000100000000
2175 2176,0.000100000000
2176 2177,0.000100000000
2177 2178,0.000100000000
2178 2179,0.000100000000
2179 2180,0.000100000000
218 219,0.000100000000
2180 2181,0.000100000000
2181 2182,0.000100000000
2182 2183,0.000100000000
2183 2184,0.000100000000
2184 2185,0.000100000000
2185 2186,0.000100000000
2186 2187,0.000100000000
2187 2188,0.000100000000
2188 2189,0.000100000000
2189 2190,0.000100000000
219 220,0.000100000000
2190 2191,0.000100000000
2191 2192,0.000100000000
2192 2193,0.000100000000
2193 2194,0.000100000000
2194 2195,0.000100000000
2195 2196,0.000100000000
2196 2197,0.000100000000
2197 2198,0.000100000000
2198 2199,0.000100000000
2199 2200,0.000100000000
22 23,0.000100000000
220 221,0.000100000000
2200 2201,0.000100000000
2201 2202,0.000100000000
2202 2203,0.000100000000
2203 2204,0.000100000000
2204 2205,0.000100000000
2205 2206,0.000100000000
2206 2207,0.000100000000
2207 2208,0.000100000000
2208 2209,0.000100000000
2209 2210,0.000100000000
221 222,0.000100000000
2210 2211,0.000100000000
2211 2212,0.000100000000
2212 2213,0.000100000000
2213 2214,0.000100000000
2214 2215,0.000100000000
2215 2216,0.000100000000
2216 2217,0.000100000000
2217 2218,0.000100000000
2218 2219,0.000100000000
2219 2220,0.000100000000
222 223,0.000100000000
2220 2221,0.000100000000
2221 2222,0.000100000000
2222 2223,0.000100000000
2223 2224,0.000100000000
2224 2225,0.000100000000
2225 2226,0.000100000000
2226 2227,0.000100000000
2227 2228,0.000100000000
2228 2229,0.000100000000
2229 2230,0.000100000000
223 224,0.000100000000
2230 2231,0.000100000000
2231 2232,0.000100000000
2232 2233,0.000100000000
2233 2234,0.000100000000
2234 2235,0.000100000000
2235 2236,0.000100000000
2236 2237,0.000100000000
2237 2238,0.000100000000
2238 2239,0.000100000000
2239 2240,0.000100000000
224 225,0.000100000000
2240 2241,0.000100000000
2241 2242,0.000100000000
2242 2243,0.000100000000
2243 2244,0.000100000000
2244 2245,0.000100000000
2245 2246,0.000100000000
2246 2247,0.000100000000
2247 2248,0.000100000000
2248 2249,0.000100000000
2249 2250,0.000100000000
225 226,0.000100000000
2250 2251,0.000100000000
2251 2252,0.000100000000
2252 2253,0.000100000000
2253 2254,0.000100000000
2254 2255,0.000100000000
2255 2256,0.000100000000
2256 2257,0.000100000000
2257 2258,0.000100000000
2258 2259,0.000100000000
2259 2260,0.000100000000
226 227,0.000100000000
2260 2261,0.000100000000
2261 2262,0.000100000000
2262 2263,0.000100000000
2263 2264,0.000100000000
2264 2265,0.000100000000
2265 2266,0.000100000000
2266 2267,0.000100000000
2267 2268,0.000100000000
2268 2269,0.000100000000
2269 2270,0.000100000000
227 228,0.000100000000
2270 2271,0.000100000000
2271 2272,0.000100000000
2272 2273,0.000100000000
2273 2274,0.000100000000
2274 2275,0.000100000000
2275 2276,0.000100000000
2276 2277,0.000100000000
2277 2278,0.000100000000
2278 2279,0.000100000000
2279 2280,0.000100000000
228 229,0.000100000000
2280 2281,0.000100000000
2281 2282,0.000100000000
2282 2283,0.000100000000
2283 2284,0.000100000000
2284 2285,0.000100000000
2285 2286,0.000100000000
2286 2287,0.000100000000
2287 2288,0.000100000000
2288 2289,0.000100000000
2289 2290,0.000100000000
229 230,0.000100000000
2290 2291,0.000100000000
2291 2292,0.000100000000
2292 2293,0.000100000000
2293 2294,0.000100000000
2294 2295,0.000100000000
2295 2296,0.000100000000
2296 2297,0.000100000000
2297 2298,0.000100000000
2298 2299,0.000100000000
2299 2300,0.000100000000
23 24,0.000100000000
230 231,0.000100000000
2300 2301,0.000100000000
2301 2302,0.000100000000
2302 2303,0.000100000000
2303 2304,0.000100000000
2304 2305,0.000100000000
2305 2306,0.000100000000
2306 2307,0.000100000000
2307 2308,0.000100000000
2308 2309,0.000100000000
2309 2310,0.000100000000
231 232,0.000100000000
2310 2311,0.000100000000
2311 2312,0.000100000000
2312 2313,0.000100000000
2313 2314,0.000100000000
2314 2315,0.000100000000
2315 2316,0.000100000000
2316 2317,0.000100000000
2317 2318,0.000100000000
2318 2319,0.000100000000
2319 2320,0.000100000000
232 233,0.000100000000
2320 2321,0.000100000000
2321 2322,0.000100000000
2322 2323,0.000100000000
2323 2324,0.000100000000
2324 2325,0.000100000000
2325 2326,0.000100000000
2326 2327,0.000100000000
2327 2328,0.000100000000
2328 2329,0.000100000000
2329 2330,0.000100000000
233 234,0.000100000000
2330 2331,0.000100000000
2331 2332,0.000100000000
2332 2333,0.000100000000
2333 2334,0.000100000000
2334 2335,0.000100000000
2335 2336,0.000100000000
2336 2337,0.000100000000
2337 2338,0.000100000000
2338 2339,0.000100000000
2339 2340,0.000100000000
234 235,0.000100000000
2340 2341,0.000100000000
2341 2342,0.000100000000
2342 2343,0.000100000000
2343 2344,0.000100000000
2344 2345,0.000100000000
2345 2346,0.000100000000
2346 2347,0.000100000000
2347 2348,0.000100000000
