8649 8650,0.000100000000
865 866,0.000100000000
8650 8651,0.000100000000
8651 8652,0.000100000000
8652 8653,0.000100000000
8653 8654,0.000100000000
8654 8655,0.000100000000
8655 8656,0.000100000000
8656 8657,0.000100000000
8657 8658,0.000100000000
8658 8659,0.000100000000
8659 8660,0.000100000000
866 867,0.000100000000
8660 8661,0.000100000000
8661 8662,0.000100000000
8662 8663,0.000100000000
8663 8664,0.000100000000
8664 8665,0.000100000000
8665 8666,0.000100000000
8666 8667,0.000100000000
8667 8668,0.000100000000
8668 8669,0.000100000000
8669 8670,0.000100000000
867 868,0.000100000000
8670 8671,0.000100000000
8671 8672,0.000100000000
8672 8673,0.000100000000
8673 8674,0.000100000000
8674 8675,0.000100000000
8675 8676,0.000100000000
8676 8677,0.000100000000
8677 8678,0.000100000000
8678 8679,0.000100000000
8679 8680,0.000100000000
868 869,0.000100000000
8680 8681,0.000100000000
8681 8682,0.000100000000
8682 8683,0.000100000000
8683 8684,0.000100000000
8684 8685,0.000100000000
8685 8686,0.000100000000
8686 8687,0.000100000000
8687 8688,0.000100000000
8688 8689,0.000100000000
8689 8690,0.000100000000
869 870,0.000100000000
8690 8691,0.000100000000
8691 8692,0.000100000000
8692 8693,0.000100000000
8693 8694,0.000100000000
8694 8695,0.000100000000
8695 8696,0.000100000000
8696 8697,0.000100000000
8697 8698,0.000100000000
8698 8699,0.000100000000
8699 8700,0.000100000000
87 88,0.000100000000
870 871,0.000100000000
8700 8701,0.000100000000
8701 8702,0.000100000000
8702 8703,0.000100000000
8703 8704,0.000100000000
8704 8705,0.000100000000
8705 8706,0.000100000000
8706 8707,0.000100000000
8707 8708,0.000100000000
8708 8709,0.000100000000
8709 8710,0.000100000000
871 872,0.000100000000
8710 8711,0.000100000000
8711 8712,0.000100000000
8712 8713,0.000100000000
8713 8714,0.000100000000
8714 8715,0.000100000000
8715 8716,0.000100000000
8716 8717,0.000100000000
8717 8718,0.000100000000
8718 8719,0.000100000000
8719 8720,0.000100000000
872 873,0.000100000000
8720 8721,0.000100000000
8721 8722,0.000100000000
8722 8723,0.000100000000
8723 8724,0.000100000000
8724 8725,0.000100000000
8725 8726,0.000100000000
8726 8727,0.000100000000
8727 8728,0.000100000000
8728 8729,0.000100000000
8729 8730,0.000100000000
873 874,0.000100000000
8730 8731,0.000100000000
8731 8732,0.000100000000
8732 8733,0.000100000000
8733 8734,0.000100000000
8734 8735,0.000100000000
8735 8736,0.000100000000
8736 8737,0.000100000000
8737 8738,0.000100000000
8738 8739,0.000100000000
8739 8740,0.000100000000
874 875,0.000100000000
8740 8741,0.000100000000
8741 8742,0.000100000000
8742 8743,0.000100000000
8743 8744,0.000100000000
8744 8745,0.000100000000
8745 8746,0.000100000000
8746 8747,0.000100000000
8747 8748,0.000100000000
8748 8749,0.000100000000
8749 8750,0.000100000000
875 876,0.000100000000
8750 8751,0.000100000000
8751 8752,0.000100000000
8752 8753,0.000100000000
8753 8754,0.000100000000
8754 8755,0.000100000000
8755 8756,0.000100000000
8756 8757,0.000100000000
8757 8758,0.000100000000
8758 8759,0.000100000000
8759 8760,0.000100000000
876 877,0.000100000000
8760 8761,0.000100000000
8761 8762,0.000100000000
8762 8763,0.000100000000
8763 8764,0.000100000000
8764 8765,0.000100000000
8765 8766,0.000100000000
8766 8767,0.000100000000
8767 8768,0.000100000000
8768 8769,0.000100000000
8769 8770,0.000100000000
877 878,0.000100000000
8770 8771,0.000100000000
8771 8772,0.000100000000
8772 8773,0.000100000000
8773 8774,0.000100000000
8774 8775,0.000100000000
8775 8776,0.000100000000
8776 8777,0.000100000000
8777 8778,0.000100000000
8778 8779,0.000100000000
8779 8780,0.000100000000
878 879,0.000100000000
8780 8781,0.000100000000
8781 8782,0.000100000000
8782 8783,0.000100000000
8783 8784,0.000100000000
8784 8785,0.000100000000
8785 8786,0.000100000000
8786 8787,0.000100000000
8787 8788,0.000100000000
8788 8789,0.000100000000
8789 8790,0.000100000000
879 880,0.000100000000
8790 8791,0.000100000000
8791 8792,0.000100000000
8792 8793,0.000100000000
8793 8794,0.000100000000
8794 8795,0.000100000000
8795 8796,0.000100000000
8796 8797,0.000100000000
8797 8798,0.000100000000
8798 8799,0.000100000000
8799 8800,0.000100000000
88 89,0.000100000000
880 881,0.000100000000
8800 8801,0.000100000000
8801 8802,0.000100000000
8802 8803,0.000100000000
8803 8804,0.000100000000
8804 8805,0.000100000000
8805 8806,0.000100000000
8806 8807,0.000100000000
8807 8808,0.000100000000
8808 8809,0.000100000000
8809 8810,0.000100000000
881 882,0.000100000000
8810 8811,0.000100000000
8811 8812,0.000100000000
8812 8813,0.000100000000
8813 8814,0.000100000000
8814 8815,0.000100000000
8815 8816,0.000100000000
8816 8817,0.000100000000
8817 8818,0.000100000000
8818 8819,0.000100000000
8819 8820,0.000100000000
882 883,0.000100000000
8820 8821,0.000100000000
8821 8822,0.000100000000
8822 8823,0.000100000000
8823 8824,0.000100000000
8824 8825,0.000100000000
8825 8826,0.000100000000
8826 8827,0.000100000000
8827 8828,0.000100000000
8828 8829,0.000100000000
8829 8830,0.000100000000
883 884,0.000100000000
8830 8831,0.000100000000
8831 8832,0.000100000000
8832 8833,0.000100000000
8833 8834,0.000100000000
8834 8835,0.000100000000
8835 8836,0.000100000000
8836 8837,0.000100000000
8837 8838,0.000100000000
8838 8839,0.000100000000
8839 8840,0.000100000000
884 885,0.000100000000
8840 8841,0.000100000000
8841 8842,0.000100000000
8842 8843,0.000100000000
8843 8844,0.000100000000
8844 8845,0.000100000000
8845 8846,0.000100000000
8846 8847,0.000100000000
8847 8848,0.000100000000
8848 8849,0.000100000000
8849 8850,0.000100000000
885 886,0.000100000000
8850 8851,0.000100000000
8851 8852,0.000100000000
8852 8853,0.000100000000
8853 8854,0.000100000000
8854 8855,0.000100000000
8855 8856,0.000100000000
8856 8857,0.000100000000
8857 8858,0.000100000000
8858 8859,0.000100000000
8859 8860,0.000100000000
886 887,0.000100000000
8860 8861,0.000100000000
8861 8862,0.000100000000
8862 8863,0.000100000000
8863 8864,0.000100000000
8864 8865,0.000100000000
8865 8866,0.000100000000
8866 8867,0.000100000000
8867 8868,0.000100000000
8868 8869,0.000100000000
8869 8870,0.000100000000
887 888,0.000100000000
8870 8871,0.000100000000
8871 8872,0.000100000000
8872 8873,0.000100000000
8873 8874,0.000100000000
8874 8875,0.000100000000
8875 8876,0.000100000000
8876 8877,0.000100000000
8877 8878,0.000100000000
8878 8879,0.000100000000
8879 8880,0.000100000000
888 889,0.000100000000
8880 8881,0.000100000000
8881 8882,0.000100000000
8882 8883,0.000100000000
8883 8884,0.000100000000
8884 8885,0.000100000000
8885 8886,0.000100000000
8886 8887,0.000100000000
8887 8888,0.000100000000
8888 8889,0.000100000000
8889 8890,0.000100000000
889 890,0.000100000000
8890 8891,0.000100000000
8891 8892,0.000100000000
8892 8893,0.000100000000
8893 8894,0.000100000000
8894 8895,0.000100000000
8895 8896,0.000100000000
8896 8897,0.000100000000
8897 8898,0.000100000000
8898 8899,0.000100000000
8899 8900,0.000100000000
89 90,0.000100000000
890 891,0.000100000000
8900 8901,0.000100000000
8901 8902,0.000100000000
8902 8903,0.000100000000
8903 8904,0.000100000000
8904 8905,0.000100000000
8905 8906,0.000100000000
8906 8907,0.000100000000
8907 8908,0.000100000000
8908 8909,0.000100000000
8909 8910,0.000100000000
891 892,0.000100000000
8910 8911,0.000100000000
8911 8912,0.000100000000
8912 8913,0.000100000000
8913 8914,0.000100000000
8914 8915,0.000100000000
8915 8916,0.000100000000
8916 8917,0.000100000000
8917 8918,0.000100000000
8918 8919,0.000100000000
8919 8920,0.000100000000
892 893,0.000100000000
8920 8921,0.000100000000
8921 8922,0.000100000000
8922 8923,0.000100000000
8923 8924,0.000100000000
8924 8925,0.000100000000
8925 8926,0.000100000000
8926 8927,0.000100000000
8927 8928,0.000100000000
8928 8929,0.000100000000
8929 8930,0.000100000000
893 894,0.000100000000
8930 8931,0.000100000000
8931 8932,0.000100000000
8932 8933,0.000100000000
8933 8934,0.000100000000
8934 8935,0.000100000000
8935 8936,0.000100000000
8936 8937,0.000100000000
8937 8938,0.000100000000
8938 8939,0.000100000000
8939 8940,0.000100000000
894 895,0.000100000000
8940 8941,0.000100000000
8941 8942,0.000100000000
8942 8943,0.000100000000
8943 8944,0.000100000000
8944 8945,0.000100000000
8945 8946,0.000100000000
8946 8947,0.000100000000
8947 8948,0.000100000000
8948 8949,0.000100000000
8949 8950,0.000100000000
895 896,0.000100000000
8950 8951,0.000100000000
8951 8952,0.000100000000
8952 8953,0.000100000000
8953 8954,0.000100000000
8954 8955,0.000100000000
8955 8956,0.000100000000
8956 8957,0.000100000000
8957 8958,0.000100000000
8958 8959,0.000100000000
8959 8960,0.000100000000
896 897,0.000100000000
8960 8961,0.000100000000
8961 8962,0.000100000000
8962 8963,0.000100000000
8963 8964,0.000100000000
8964 8965,0.000100000000
8965 8966,0.000100000000
8966 8967,0.000100000000
8967 8968,0.000100000000
8968 8969,0.000100000000
8969 8970,0.000100000000
897 898,0.000100000000
8970 8971,0.000100000000
8971 8972,0.000100000000
8972 8973,0.000100000000
8973 8974,0.000100000000
8974 8975,0.000100000000
8975 8976,0.000100000000
8976 8977,0.000100000000
8977 8978,0.000100000000
8978 8979,0.000100000000
8979 8980,0.000100000000
898 899,0.000100000000
8980 8981,0.000100000000
8981 8982,0.000100000000
8982 8983,0.000100000000
8983 8984,0.000100000000
8984 8985,0.000100000000
8985 8986,0.000100000000
8986 8987,0.000100000000
8987 8988,0.000100000000
8988 8989,0.000100000000
8989 8990,0.000100000000
899 900,0.000100000000
8990 8991,0.000100000000
8991 8992,0.000100000000
8992 8993,0.000100000000
8993 8994,0.000100000000
8994 8995,0.000100000000
8995 8996,0.000100000000
8996 8997,0.000100000000
8997 8998,0.000100000000
8998 8999,0.000100000000
8999 9000,0.000100000000
9 10,0.000076838306
90 91,0.000100000000
900 901,0.000100000000
9000 9001,0.000100000000
9001 9002,0.000100000000
9002 9003,0.000100000000
9003 9004,0.000100000000
9004 9005,0.000100000000
9005 9006,0.000100000000
9006 9007,0.000100000000
9007 9008,0.000100000000
9008 9009,0.000100000000
9009 9010,0.000100000000
901 902,0.000100000000
9010 9011,0.000100000000
9011 9012,0.000100000000
9012 9013,0.000100000000
9013 9014,0.000100000000
9014 9015,0.000100000000
9015 9016,0.000100000000
9016 9017,0.000100000000
9017 9018,0.000100000000
9018 9019,0.000100000000
9019 9020,0.000100000000
902 903,0.000100000000
9020 9021,0.000100000000
9021 9022,0.000100000000
9022 9023,0.000100000000
9023 9024,0.000100000000
9024 9025,0.000100000000
9025 9026,0.000100000000
9026 9027,0.000100000000
9027 9028,0.000100000000
9028 9029,0.000100000000
9029 9030,0.000100000000
903 904,0.000100000000
9030 9031,0.000100000000
9031 9032,0.000100000000
9032 9033,0.000100000000
9033 9034,0.000100000000
9034 9035,0.000100000000
9035 9036,0.000100000000
9036 9037,0.000100000000
9037 9038,0.000100000000
9038 9039,0.000100000000
9039 9040,0.000100000000
904 905,0.000100000000
9040 9041,0.000100000000
9041 9042,0.000100000000
9042 9043,0.000100000000
9043 9044,0.000100000000
9044 9045,0.000100000000
9045 9046,0.000100000000
9046 9047,0.000100000000
9047 9048,0.000100000000
9048 9049,0.000100000000
9049 9050,0.000100000000
905 906,0.000100000000
9050 9051,0.000100000000
9051 9052,0.000100000000
9052 9053,0.000100000000
9053 9054,0.000100000000
9054 9055,0.000100000000
9055 9056,0.000100000000
9056 9057,0.000100000000
9057 9058,0.000100000000
9058 9059,0.000100000000
9059 9060,0.000100000000
906 907,0.000100000000
9060 9061,0.000100000000
9061 9062,0.000100000000
9062 9063,0.000100000000
9063 9064,0.000100000000
9064 9065,0.000100000000
9065 9066,0.000100000000
9066 9067,0.000100000000
9067 9068,0.000100000000
9068 9069,0.000100000000
9069 9070,0.000100000000
907 908,0.000100000000
9070 9071,0.000100000000
9071 9072,0.000100000000
9072 9073,0.000100000000
9073 9074,0.000100000000
9074 9075,0.000100000000
9075 9076,0.000100000000
9076 9077,0.000100000000
9077 9078,0.000100000000
9078 9079,0.000100000000
9079 9080,0.000100000000
908 909,0.000100000000
9080 9081,0.000100000000
9081 9082,0.000100000000
9082 9083,0.000100000000
9083 9084,0.000100000000
9084 9085,0.000100000000
9085 9086,0.000100000000
9086 9087,0.000100000000
9087 9088,0.000100000000
9088 9089,0.000100000000
9089 9090,0.000100000000
909 910,0.000100000000
9090 9091,0.000100000000
9091 9092,0.000100000000
9092 9093,0.000100000000
9093 9094,0.000100000000
9094 9095,0.000100000000
9095 9096,0.000100000000
9096 9097,0.000100000000
9097 9098,0.000100000000
9098 9099,0.000100000000
