3248 3249,0.000100000000
3249 3250,0.000100000000
325 326,0.000100000000
3250 3251,0.000100000000
3251 3252,0.000100000000
3252 3253,0.000100000000
3253 3254,0.000100000000
3254 3255,0.000100000000
3255 3256,0.000100000000
3256 3257,0.000100000000
3257 3258,0.000100000000
3258 3259,0.000100000000
3259 3260,0.000100000000
326 327,0.000100000000
3260 3261,0.000100000000
3261 3262,0.000100000000
3262 3263,0.000100000000
3263 3264,0.000100000000
3264 3265,0.000100000000
3265 3266,0.000100000000
3266 3267,0.000100000000
3267 3268,0.000100000000
3268 3269,0.000100000000
3269 3270,0.000100000000
327 328,0.000100000000
3270 3271,0.000100000000
3271 3272,0.000100000000
3272 3273,0.000100000000
3273 3274,0.000100000000
3274 3275,0.000100000000
3275 3276,0.000100000000
3276 3277,0.000100000000
3277 3278,0.000100000000
3278 3279,0.000100000000
3279 3280,0.000100000000
328 329,0.000100000000
3280 3281,0.000100000000
3281 3282,0.000100000000
3282 3283,0.000100000000
3283 3284,0.000100000000
3284 3285,0.000100000000
3285 3286,0.000100000000
3286 3287,0.000100000000
3287 3288,0.000100000000
3288 3289,0.000100000000
3289 3290,0.000100000000
329 330,0.000100000000
3290 3291,0.000100000000
3291 3292,0.000100000000
3292 3293,0.000100000000
3293 3294,0.000100000000
3294 3295,0.000100000000
3295 3296,0.000100000000
3296 3297,0.000100000000
3297 3298,0.000100000000
3298 3299,0.000100000000
3299 3300,0.000100000000
33 34,0.000100000000
330 331,0.000100000000
3300 3301,0.000100000000
3301 3302,0.000100000000
3302 3303,0.000100000000
3303 3304,0.000100000000
3304 3305,0.000100000000
3305 3306,0.000100000000
3306 3307,0.000100000000
3307 3308,0.000100000000
3308 3309,0.000100000000
3309 3310,0.000100000000
331 332,0.000100000000
3310 3311,0.000100000000
3311 3312,0.000100000000
3312 3313,0.000100000000
3313 3314,0.000100000000
3314 3315,0.000100000000
3315 3316,0.000100000000
3316 3317,0.000100000000
3317 3318,0.000100000000
3318 3319,0.000100000000
3319 3320,0.000100000000
332 333,0.000100000000
3320 3321,0.000100000000
3321 3322,0.000100000000
3322 3323,0.000100000000
3323 3324,0.000100000000
3324 3325,0.000100000000
3325 3326,0.000100000000
3326 3327,0.000100000000
3327 3328,0.000100000000
3328 3329,0.000100000000
3329 3330,0.000100000000
333 334,0.000100000000
3330 3331,0.000100000000
3331 3332,0.000100000000
3332 3333,0.000100000000
3333 3334,0.000100000000
3334 3335,0.000100000000
3335 3336,0.000100000000
3336 3337,0.000100000000
3337 3338,0.000100000000
3338 3339,0.000100000000
3339 3340,0.000100000000
334 335,0.000100000000
3340 3341,0.000100000000
3341 3342,0.000100000000
3342 3343,0.000100000000
3343 3344,0.000100000000
3344 3345,0.000100000000
3345 3346,0.000100000000
3346 3347,0.000100000000
3347 3348,0.000100000000
3348 3349,0.000100000000
3349 3350,0.000100000000
335 336,0.000100000000
3350 3351,0.000100000000
3351 3352,0.000100000000
3352 3353,0.000100000000
3353 3354,0.000100000000
3354 3355,0.000100000000
3355 3356,0.000100000000
3356 3357,0.000100000000
3357 3358,0.000100000000
3358 3359,0.000100000000
3359 3360,0.000100000000
336 337,0.000100000000
3360 3361,0.000100000000
3361 3362,0.000100000000
3362 3363,0.000100000000
3363 3364,0.000100000000
3364 3365,0.000100000000
3365 3366,0.000100000000
3366 3367,0.000100000000
3367 3368,0.000100000000
3368 3369,0.000100000000
3369 3370,0.000100000000
337 338,0.000100000000
3370 3371,0.000100000000
3371 3372,0.000100000000
3372 3373,0.000100000000
3373 3374,0.000100000000
3374 3375,0.000100000000
3375 3376,0.000100000000
3376 3377,0.000100000000
3377 3378,0.000100000000
3378 3379,0.000100000000
3379 3380,0.000100000000
338 339,0.000100000000
3380 3381,0.000100000000
3381 3382,0.000100000000
3382 3383,0.000100000000
3383 3384,0.000100000000
3384 3385,0.000100000000
3385 3386,0.000100000000
3386 3387,0.000100000000
3387 3388,0.000100000000
3388 3389,0.000100000000
3389 3390,0.000100000000
339 340,0.000100000000
3390 3391,0.000100000000
3391 3392,0.000100000000
3392 3393,0.000100000000
3393 3394,0.000100000000
3394 3395,0.000100000000
3395 3396,0.000100000000
3396 3397,0.000100000000
3397 3398,0.000100000000
3398 3399,0.000100000000
3399 3400,0.000100000000
34 35,0.000100000000
340 341,0.000100000000
3400 3401,0.000100000000
3401 3402,0.000100000000
3402 3403,0.000100000000
3403 3404,0.000100000000
3404 3405,0.000100000000
3405 3406,0.000100000000
3406 3407,0.000100000000
3407 3408,0.000100000000
3408 3409,0.000100000000
3409 3410,0.000100000000
341 342,0.000100000000
3410 3411,0.000100000000
3411 3412,0.000100000000
3412 3413,0.000100000000
3413 3414,0.000100000000
3414 3415,0.000100000000
3415 3416,0.000100000000
3416 3417,0.000100000000
3417 3418,0.000100000000
3418 3419,0.000100000000
3419 3420,0.000100000000
342 343,0.000100000000
3420 3421,0.000100000000
3421 3422,0.000100000000
3422 3423,0.000100000000
3423 3424,0.000100000000
3424 3425,0.000100000000
3425 3426,0.000100000000
3426 3427,0.000100000000
3427 3428,0.000100000000
3428 3429,0.000100000000
3429 3430,0.000100000000
343 344,0.000100000000
3430 3431,0.000100000000
3431 3432,0.000100000000
3432 3433,0.000100000000
3433 3434,0.000100000000
3434 3435,0.000100000000
3435 3436,0.000100000000
3436 3437,0.000100000000
3437 3438,0.000100000000
3438 3439,0.000100000000
3439 3440,0.000100000000
344 345,0.000100000000
3440 3441,0.000100000000
3441 3442,0.000100000000
3442 3443,0.000100000000
3443 3444,0.000100000000
3444 3445,0.000100000000
3445 3446,0.000100000000
3446 3447,0.000100000000
3447 3448,0.000100000000
3448 3449,0.000100000000
3449 3450,0.000100000000
345 346,0.000100000000
3450 3451,0.000100000000
3451 3452,0.000100000000
3452 3453,0.000100000000
3453 3454,0.000100000000
3454 3455,0.000100000000
3455 3456,0.000100000000
3456 3457,0.000100000000
3457 3458,0.000100000000
3458 3459,0.000100000000
3459 3460,0.000100000000
346 347,0.000100000000
3460 3461,0.000100000000
3461 3462,0.000100000000
3462 3463,0.000100000000
3463 3464,0.000100000000
3464 3465,0.000100000000
3465 3466,0.000100000000
3466 3467,0.000100000000
3467 3468,0.000100000000
3468 3469,0.000100000000
3469 3470,0.000100000000
347 348,0.000100000000
3470 3471,0.000100000000
3471 3472,0.000100000000
3472 3473,0.000100000000
3473 3474,0.000100000000
3474 3475,0.000100000000
3475 3476,0.000100000000
3476 3477,0.000100000000
3477 3478,0.000100000000
3478 3479,0.000100000000
3479 3480,0.000100000000
348 349,0.000100000000
3480 3481,0.000100000000
3481 3482,0.000100000000
3482 3483,0.000100000000
3483 3484,0.000100000000
3484 3485,0.000100000000
3485 3486,0.000100000000
3486 3487,0.000100000000
3487 3488,0.000100000000
3488 3489,0.000100000000
3489 3490,0.000100000000
349 350,0.000100000000
3490 3491,0.000100000000
3491 3492,0.000100000000
3492 3493,0.000100000000
3493 3494,0.000100000000
3494 3495,0.000100000000
3495 3496,0.000100000000
3496 3497,0.000100000000
3497 3498,0.000100000000
3498 3499,0.000100000000
3499 3500,0.000100000000
35 36,0.000100000000
350 351,0.000100000000
3500 3501,0.000100000000
3501 3502,0.000100000000
3502 3503,0.000100000000
3503 3504,0.000100000000
3504 3505,0.000100000000
3505 3506,0.000100000000
3506 3507,0.000100000000
3507 3508,0.000100000000
3508 3509,0.000100000000
3509 3510,0.000100000000
351 352,0.000100000000
3510 3511,0.000100000000
3511 3512,0.000100000000
3512 3513,0.000100000000
3513 3514,0.000100000000
3514 3515,0.000100000000
3515 3516,0.000100000000
3516 3517,0.000100000000
3517 3518,0.000100000000
3518 3519,0.000100000000
3519 3520,0.000100000000
352 353,0.000100000000
3520 3521,0.000100000000
3521 3522,0.000100000000
3522 3523,0.000100000000
3523 3524,0.000100000000
3524 3525,0.000100000000
3525 3526,0.000100000000
3526 3527,0.000100000000
3527 3528,0.000100000000
3528 3529,0.000100000000
3529 3530,0.000100000000
353 354,0.000100000000
3530 3531,0.000100000000
3531 3532,0.000100000000
3532 3533,0.000100000000
3533 3534,0.000100000000
3534 3535,0.000100000000
3535 3536,0.000100000000
3536 3537,0.000100000000
3537 3538,0.000100000000
3538 3539,0.000100000000
3539 3540,0.000100000000
354 355,0.000100000000
3540 3541,0.000100000000
3541 3542,0.000100000000
3542 3543,0.000100000000
3543 3544,0.000100000000
3544 3545,0.000100000000
3545 3546,0.000100000000
3546 3547,0.000100000000
3547 3548,0.000100000000
3548 3549,0.000100000000
3549 3550,0.000100000000
355 356,0.000100000000
3550 3551,0.000100000000
3551 3552,0.000100000000
3552 3553,0.000100000000
3553 3554,0.000100000000
3554 3555,0.000100000000
3555 3556,0.000100000000
3556 3557,0.000100000000
3557 3558,0.000100000000
3558 3559,0.000100000000
3559 3560,0.000100000000
356 357,0.000100000000
3560 3561,0.000100000000
3561 3562,0.000100000000
3562 3563,0.000100000000
3563 3564,0.000100000000
3564 3565,0.000100000000
3565 3566,0.000100000000
3566 3567,0.000100000000
3567 3568,0.000100000000
3568 3569,0.000100000000
3569 3570,0.000100000000
357 358,0.000100000000
3570 3571,0.000100000000
3571 3572,0.000100000000
3572 3573,0.000100000000
3573 3574,0.000100000000
3574 3575,0.000100000000
3575 3576,0.000100000000
3576 3577,0.000100000000
3577 3578,0.000100000000
3578 3579,0.000100000000
3579 3580,0.000100000000
358 359,0.000100000000
3580 3581,0.000100000000
3581 3582,0.000100000000
3582 3583,0.000100000000
3583 3584,0.000100000000
3584 3585,0.000100000000
3585 3586,0.000100000000
3586 3587,0.000100000000
3587 3588,0.000100000000
3588 3589,0.000100000000
3589 3590,0.000100000000
359 360,0.000100000000
3590 3591,0.000100000000
3591 3592,0.000100000000
3592 3593,0.000100000000
3593 3594,0.000100000000
3594 3595,0.000100000000
3595 3596,0.000100000000
3596 3597,0.000100000000
3597 3598,0.000100000000
3598 3599,0.000100000000
3599 3600,0.000100000000
36 37,0.000100000000
360 361,0.000100000000
3600 3601,0.000100000000
3601 3602,0.000100000000
3602 3603,0.000100000000
3603 3604,0.000100000000
3604 3605,0.000100000000
3605 3606,0.000100000000
3606 3607,0.000100000000
3607 3608,0.000100000000
3608 3609,0.000100000000
3609 3610,0.000100000000
361 362,0.000100000000
3610 3611,0.000100000000
3611 3612,0.000100000000
3612 3613,0.000100000000
3613 3614,0.000100000000
3614 3615,0.000100000000
3615 3616,0.000100000000
3616 3617,0.000100000000
3617 3618,0.000100000000
3618 3619,0.000100000000
3619 3620,0.000100000000
362 363,0.000100000000
3620 3621,0.000100000000
3621 3622,0.000100000000
3622 3623,0.000100000000
3623 3624,0.000100000000
3624 3625,0.000100000000
3625 3626,0.000100000000
3626 3627,0.000100000000
3627 3628,0.000100000000
3628 3629,0.000100000000
3629 3630,0.000100000000
363 364,0.000100000000
3630 3631,0.000100000000
3631 3632,0.000100000000
3632 3633,0.000100000000
3633 3634,0.000100000000
3634 3635,0.000100000000
3635 3636,0.000100000000
3636 3637,0.000100000000
3637 3638,0.000100000000
3638 3639,0.000100000000
3639 3640,0.000100000000
364 365,0.000100000000
3640 3641,0.000100000000
3641 3642,0.000100000000
3642 3643,0.000100000000
3643 3644,0.000100000000
3644 3645,0.000100000000
3645 3646,0.000100000000
3646 3647,0.000100000000
3647 3648,0.000100000000
3648 3649,0.000100000000
3649 3650,0.000100000000
365 366,0.000100000000
3650 3651,0.000100000000
3651 3652,0.000100000000
3652 3653,0.000100000000
3653 3654,0.000100000000
3654 3655,0.000100000000
3655 3656,0.000100000000
3656 3657,0.000100000000
3657 3658,0.000100000000
3658 3659,0.000100000000
3659 3660,0.000100000000
366 367,0.000100000000
3660 3661,0.000100000000
3661 3662,0.000100000000
3662 3663,0.000100000000
3663 3664,0.000100000000
3664 3665,0.000100000000
3665 3666,0.000100000000
3666 3667,0.000100000000
3667 3668,0.000100000000
3668 3669,0.000100000000
3669 3670,0.000100000000
367 368,0.000100000000
3670 3671,0.000100000000
3671 3672,0.000100000000
3672 3673,0.000100000000
3673 3674,0.000100000000
3674 3675,0.000100000000
3675 3676,0.000100000000
3676 3677,0.000100000000
3677 3678,0.000100000000
3678 3679,0.000100000000
3679 3680,0.000100000000
368 369,0.000100000000
3680 3681,0.000100000000
3681 3682,0.000100000000
3682 3683,0.000100000000
3683 3684,0.000100000000
3684 3685,0.000100000000
3685 3686,0.000100000000
3686 3687,0.000100000000
3687 3688,0.000100000000
3688 3689,0.000100000000
3689 3690,0.000100000000
369 370,0.000100000000
3690 3691,0.000100000000
3691 3692,0.000100000000
3692 3693,0.000100000000
3693 3694,0.000100000000
3694 3695,0.000100000000
3695 3696,0.000100000000
3696 3697,0.000100000000
3697 3698,0.000100000000
3698 3699,0.000100000000
