9099 9100,0.000100000000
91 92,0.000100000000
910 911,0.000100000000
9100 9101,0.000100000000
9101 9102,0.000100000000
9102 9103,0.000100000000
9103 9104,0.000100000000
9104 9105,0.000100000000
9105 9106,0.000100000000
9106 9107,0.000100000000
9107 9108,0.000100000000
9108 9109,0.000100000000
9109 9110,0.000100000000
911 912,0.000100000000
9110 9111,0.000100000000
9111 9112,0.000100000000
9112 9113,0.000100000000
9113 9114,0.000100000000
9114 9115,0.000100000000
9115 9116,0.000100000000
9116 9117,0.000100000000
9117 9118,0.000100000000
9118 9119,0.000100000000
9119 9120,0.000100000000
912 913,0.000100000000
9120 9121,0.000100000000
9121 9122,0.000100000000
9122 9123,0.000100000000
9123 9124,0.000100000000
9124 9125,0.000100000000
9125 9126,0.000100000000
9126 9127,0.000100000000
9127 9128,0.000100000000
9128 9129,0.000100000000
9129 9130,0.000100000000
913 914,0.000100000000
9130 9131,0.000100000000
9131 9132,0.000100000000
9132 9133,0.000100000000
9133 9134,0.000100000000
9134 9135,0.000100000000
9135 9136,0.000100000000
9136 9137,0.000100000000
9137 9138,0.000100000000
9138 9139,0.000100000000
9139 9140,0.000100000000
914 915,0.000100000000
9140 9141,0.000100000000
9141 9142,0.000100000000
9142 9143,0.000100000000
9143 9144,0.000100000000
9144 9145,0.000100000000
9145 9146,0.000100000000
9146 9147,0.000100000000
9147 9148,0.000100000000
9148 9149,0.000100000000
9149 9150,0.000100000000
915 916,0.000100000000
9150 9151,0.000100000000
9151 9152,0.000100000000
9152 9153,0.000100000000
9153 9154,0.000100000000
9154 9155,0.000100000000
9155 9156,0.000100000000
9156 9157,0.000100000000
9157 9158,0.000100000000
9158 9159,0.000100000000
9159 9160,0.000100000000
916 917,0.000100000000
9160 9161,0.000100000000
9161 9162,0.000100000000
9162 9163,0.000100000000
9163 9164,0.000100000000
9164 9165,0.000100000000
9165 9166,0.000100000000
9166 9167,0.000100000000
9167 9168,0.000100000000
9168 9169,0.000100000000
9169 9170,0.000100000000
917 918,0.000100000000
9170 9171,0.000100000000
9171 9172,0.000100000000
9172 9173,0.000100000000
9173 9174,0.000100000000
9174 9175,0.000100000000
9175 9176,0.000100000000
9176 9177,0.000100000000
9177 9178,0.000100000000
9178 9179,0.000100000000
9179 9180,0.000100000000
918 919,0.000100000000
9180 9181,0.000100000000
9181 9182,0.000100000000
9182 9183,0.000100000000
9183 9184,0.000100000000
9184 9185,0.000100000000
9185 9186,0.000100000000
9186 9187,0.000100000000
9187 9188,0.000100000000
9188 9189,0.000100000000
9189 9190,0.000100000000
919 920,0.000100000000
9190 9191,0.000100000000
9191 9192,0.000100000000
9192 9193,0.000100000000
9193 9194,0.000100000000
9194 9195,0.000100000000
9195 9196,0.000100000000
9196 9197,0.000100000000
9197 9198,0.000100000000
9198 9199,0.000100000000
9199 9200,0.000100000000
92 93,0.000100000000
920 921,0.000100000000
9200 9201,0.000100000000
9201 9202,0.000100000000
9202 9203,0.000100000000
9203 9204,0.000100000000
9204 9205,0.000100000000
9205 9206,0.000100000000
9206 9207,0.000100000000
9207 9208,0.000100000000
9208 9209,0.000100000000
9209 9210,0.000100000000
921 922,0.000100000000
9210 9211,0.000100000000
9211 9212,0.000100000000
9212 9213,0.000100000000
9213 9214,0.000100000000
9214 9215,0.000100000000
9215 9216,0.000100000000
9216 9217,0.000100000000
9217 9218,0.000100000000
9218 9219,0.000100000000
9219 9220,0.000100000000
922 923,0.000100000000
9220 9221,0.000100000000
9221 9222,0.000100000000
9222 9223,0.000100000000
9223 9224,0.000100000000
9224 9225,0.000100000000
9225 9226,0.000100000000
9226 9227,0.000100000000
9227 9228,0.000100000000
9228 9229,0.000100000000
9229 9230,0.000100000000
923 924,0.000100000000
9230 9231,0.000100000000
9231 9232,0.000100000000
9232 9233,0.000100000000
9233 9234,0.000100000000
9234 9235,0.000100000000
9235 9236,0.000100000000
9236 9237,0.000100000000
9237 9238,0.000100000000
9238 9239,0.000100000000
9239 9240,0.000100000000
924 925,0.000100000000
9240 9241,0.000100000000
9241 9242,0.000100000000
9242 9243,0.000100000000
9243 9244,0.000100000000
9244 9245,0.000100000000
9245 9246,0.000100000000
9246 9247,0.000100000000
9247 9248,0.000100000000
9248 9249,0.000100000000
9249 9250,0.000100000000
925 926,0.000100000000
9250 9251,0.000100000000
9251 9252,0.000100000000
9252 9253,0.000100000000
9253 9254,0.000100000000
9254 9255,0.000100000000
9255 9256,0.000100000000
9256 9257,0.000100000000
9257 9258,0.000100000000
9258 9259,0.000100000000
9259 9260,0.000100000000
926 927,0.000100000000
9260 9261,0.000100000000
9261 9262,0.000100000000
9262 9263,0.000100000000
9263 9264,0.000100000000
9264 9265,0.000100000000
9265 9266,0.000100000000
9266 9267,0.000100000000
9267 9268,0.000100000000
9268 9269,0.000100000000
9269 9270,0.000100000000
927 928,0.000100000000
9270 9271,0.000100000000
9271 9272,0.000100000000
9272 9273,0.000100000000
9273 9274,0.000100000000
9274 9275,0.000100000000
9275 9276,0.000100000000
9276 9277,0.000100000000
9277 9278,0.000100000000
9278 9279,0.000100000000
9279 9280,0.000100000000
928 929,0.000100000000
9280 9281,0.000100000000
9281 9282,0.000100000000
9282 9283,0.000100000000
9283 9284,0.000100000000
9284 9285,0.000100000000
9285 9286,0.000100000000
9286 9287,0.000100000000
9287 9288,0.000100000000
9288 9289,0.000100000000
9289 9290,0.000100000000
929 930,0.000100000000
9290 9291,0.000100000000
9291 9292,0.000100000000
9292 9293,0.000100000000
9293 9294,0.000100000000
9294 9295,0.000100000000
9295 9296,0.000100000000
9296 9297,0.000100000000
9297 9298,0.000100000000
9298 9299,0.000100000000
9299 9300,0.000100000000
93 94,0.000100000000
930 931,0.000100000000
9300 9301,0.000100000000
9301 9302,0.000100000000
9302 9303,0.000100000000
9303 9304,0.000100000000
9304 9305,0.000100000000
9305 9306,0.000100000000
9306 9307,0.000100000000
9307 9308,0.000100000000
9308 9309,0.000100000000
9309 9310,0.000100000000
931 932,0.000100000000
9310 9311,0.000100000000
9311 9312,0.000100000000
9312 9313,0.000100000000
9313 9314,0.000100000000
9314 9315,0.000100000000
9315 9316,0.000100000000
9316 9317,0.000100000000
9317 9318,0.000100000000
9318 9319,0.000100000000
9319 9320,0.000100000000
932 933,0.000100000000
9320 9321,0.000100000000
9321 9322,0.000100000000
9322 9323,0.000100000000
9323 9324,0.000100000000
9324 9325,0.000100000000
9325 9326,0.000100000000
9326 9327,0.000100000000
9327 9328,0.000100000000
9328 9329,0.000100000000
9329 9330,0.000100000000
933 934,0.000100000000
9330 9331,0.000100000000
9331 9332,0.000100000000
9332 9333,0.000100000000
9333 9334,0.000100000000
9334 9335,0.000100000000
9335 9336,0.000100000000
9336 9337,0.000100000000
9337 9338,0.000100000000
9338 9339,0.000100000000
9339 9340,0.000100000000
934 935,0.000100000000
9340 9341,0.000100000000
9341 9342,0.000100000000
9342 9343,0.000100000000
9343 9344,0.000100000000
9344 9345,0.000100000000
9345 9346,0.000100000000
9346 9347,0.000100000000
9347 9348,0.000100000000
9348 9349,0.000100000000
9349 9350,0.000100000000
935 936,0.000100000000
9350 9351,0.000100000000
9351 9352,0.000100000000
9352 9353,0.000100000000
9353 9354,0.000100000000
9354 9355,0.000100000000
9355 9356,0.000100000000
9356 9357,0.000100000000
9357 9358,0.000100000000
9358 9359,0.000100000000
9359 9360,0.000100000000
936 937,0.000100000000
9360 9361,0.000100000000
9361 9362,0.000100000000
9362 9363,0.000100000000
9363 9364,0.000100000000
9364 9365,0.000100000000
9365 9366,0.000100000000
9366 9367,0.000100000000
9367 9368,0.000100000000
9368 9369,0.000100000000
9369 9370,0.000100000000
937 938,0.000100000000
9370 9371,0.000100000000
9371 9372,0.000100000000
9372 9373,0.000100000000
9373 9374,0.000100000000
9374 9375,0.000100000000
9375 9376,0.000100000000
9376 9377,0.000100000000
9377 9378,0.000100000000
9378 9379,0.000100000000
9379 9380,0.000100000000
938 939,0.000100000000
9380 9381,0.000100000000
9381 9382,0.000100000000
9382 9383,0.000100000000
9383 9384,0.000100000000
9384 9385,0.000100000000
9385 9386,0.000100000000
9386 9387,0.000100000000
9387 9388,0.000100000000
9388 9389,0.000100000000
9389 9390,0.000100000000
939 940,0.000100000000
9390 9391,0.000100000000
9391 9392,0.000100000000
9392 9393,0.000100000000
9393 9394,0.000100000000
9394 9395,0.000100000000
9395 9396,0.000100000000
9396 9397,0.000100000000
9397 9398,0.000100000000
9398 9399,0.000100000000
9399 9400,0.000100000000
94 95,0.000100000000
940 941,0.000100000000
9400 9401,0.000100000000
9401 9402,0.000100000000
9402 9403,0.000100000000
9403 9404,0.000100000000
9404 9405,0.000100000000
9405 9406,0.000100000000
9406 9407,0.000100000000
9407 9408,0.000100000000
9408 9409,0.000100000000
9409 9410,0.000100000000
941 942,0.000100000000
9410 9411,0.000100000000
9411 9412,0.000100000000
9412 9413,0.000100000000
9413 9414,0.000100000000
9414 9415,0.000100000000
9415 9416,0.000100000000
9416 9417,0.000100000000
9417 9418,0.000100000000
9418 9419,0.000100000000
9419 9420,0.000100000000
942 943,0.000100000000
9420 9421,0.000100000000
9421 9422,0.000100000000
9422 9423,0.000100000000
9423 9424,0.000100000000
9424 9425,0.000100000000
9425 9426,0.000100000000
9426 9427,0.000100000000
9427 9428,0.000100000000
9428 9429,0.000100000000
9429 9430,0.000100000000
943 944,0.000100000000
9430 9431,0.000100000000
9431 9432,0.000100000000
9432 9433,0.000100000000
9433 9434,0.000100000000
9434 9435,0.000100000000
9435 9436,0.000100000000
9436 9437,0.000100000000
9437 9438,0.000100000000
9438 9439,0.000100000000
9439 9440,0.000100000000
944 945,0.000100000000
9440 9441,0.000100000000
9441 9442,0.000100000000
9442 9443,0.000100000000
9443 9444,0.000100000000
9444 9445,0.000100000000
9445 9446,0.000100000000
9446 9447,0.000100000000
9447 9448,0.000100000000
9448 9449,0.000100000000
9449 9450,0.000100000000
945 946,0.000100000000
9450 9451,0.000100000000
9451 9452,0.000100000000
9452 9453,0.000100000000
9453 9454,0.000100000000
9454 9455,0.000100000000
9455 9456,0.000100000000
9456 9457,0.000100000000
9457 9458,0.000100000000
9458 9459,0.000100000000
9459 9460,0.000100000000
946 947,0.000100000000
9460 9461,0.000100000000
9461 9462,0.000100000000
9462 9463,0.000100000000
9463 9464,0.000100000000
9464 9465,0.000100000000
9465 9466,0.000100000000
9466 9467,0.000100000000
9467 9468,0.000100000000
9468 9469,0.000100000000
9469 9470,0.000100000000
947 948,0.000100000000
9470 9471,0.000100000000
9471 9472,0.000100000000
9472 9473,0.000100000000
9473 9474,0.000100000000
9474 9475,0.000100000000
9475 9476,0.000100000000
9476 9477,0.000100000000
9477 9478,0.000100000000
9478 9479,0.000100000000
9479 9480,0.000100000000
948 949,0.000100000000
9480 9481,0.000100000000
9481 9482,0.000100000000
9482 9483,0.000100000000
9483 9484,0.000100000000
9484 9485,0.000100000000
9485 9486,0.000100000000
9486 9487,0.000100000000
9487 9488,0.000100000000
9488 9489,0.000100000000
9489 9490,0.000100000000
949 950,0.000100000000
9490 9491,0.000100000000
9491 9492,0.000100000000
9492 9493,0.000100000000
9493 9494,0.000100000000
9494 9495,0.000100000000
9495 9496,0.000100000000
9496 9497,0.000100000000
9497 9498,0.000100000000
9498 9499,0.000100000000
9499 9500,0.000100000000
95 96,0.000100000000
950 951,0.000100000000
9500 9501,0.000100000000
9501 9502,0.000100000000
9502 9503,0.000100000000
9503 9504,0.000100000000
9504 9505,0.000100000000
9505 9506,0.000100000000
9506 9507,0.000100000000
9507 9508,0.000100000000
9508 9509,0.000100000000
9509 9510,0.000100000000
951 952,0.000100000000
9510 9511,0.000100000000
9511 9512,0.000100000000
9512 9513,0.000100000000
9513 9514,0.000100000000
9514 9515,0.000100000000
9515 9516,0.000100000000
9516 9517,0.000100000000
9517 9518,0.000100000000
9518 9519,0.000100000000
9519 9520,0.000100000000
952 953,0.000100000000
9520 9521,0.000100000000
9521 9522,0.000100000000
9522 9523,0.000100000000
9523 9524,0.000100000000
9524 9525,0.000100000000
9525 9526,0.000100000000
9526 9527,0.000100000000
9527 9528,0.000100000000
9528 9529,0.000100000000
9529 9530,0.000100000000
953 954,0.000100000000
9530 9531,0.000100000000
9531 9532,0.000100000000
9532 9533,0.000100000000
9533 9534,0.000100000000
9534 9535,0.000100000000
9535 9536,0.000100000000
9536 9537,0.000100000000
9537 9538,0.000100000000
9538 9539,0.000100000000
9539 9540,0.000100000000
954 955,0.000100000000
9540 9541,0.000100000000
9541 9542,0.000100000000
9542 9543,0.000100000000
9543 9544,0.000100000000
9544 9545,0.000100000000
9545 9546,0.000100000000
9546 9547,0.000100000000
9547 9548,0.000100000000
9548 9549,0.000100000000
