3699 3700,0.000100000000
37 38,0.000100000000
370 371,0.000100000000
3700 3701,0.000100000000
3701 3702,0.000100000000
3702 3703,0.000100000000
3703 3704,0.000100000000
3704 3705,0.000100000000
3705 3706,0.000100000000
3706 3707,0.000100000000
3707 3708,0.000100000000
3708 3709,0.000100000000
3709 3710,0.000100000000
371 372,0.000100000000
3710 3711,0.000100000000
3711 3712,0.000100000000
3712 3713,0.000100000000
3713 3714,0.000100000000
3714 3715,0.000100000000
3715 3716,0.000100000000
3716 3717,0.000100000000
3717 3718,0.000100000000
3718 3719,0.000100000000
3719 3720,0.000100000000
372 373,0.000100000000
3720 3721,0.000100000000
3721 3722,0.000100000000
3722 3723,0.000100000000
3723 3724,0.000100000000
3724 3725,0.000100000000
3725 3726,0.000100000000
3726 3727,0.000100000000
3727 3728,0.000100000000
3728 3729,0.000100000000
3729 3730,0.000100000000
373 374,0.000100000000
3730 3731,0.000100000000
3731 3732,0.000100000000
3732 3733,0.000100000000
3733 3734,0.000100000000
3734 3735,0.000100000000
3735 3736,0.000100000000
3736 3737,0.000100000000
3737 3738,0.000100000000
3738 3739,0.000100000000
3739 3740,0.000100000000
374 375,0.000100000000
3740 3741,0.000100000000
3741 3742,0.000100000000
3742 3743,0.000100000000
3743 3744,0.000100000000
3744 3745,0.000100000000
3745 3746,0.000100000000
3746 3747,0.000100000000
3747 3748,0.000100000000
3748 3749,0.000100000000
3749 3750,0.000100000000
375 376,0.000100000000
3750 3751,0.000100000000
3751 3752,0.000100000000
3752 3753,0.000100000000
3753 3754,0.000100000000
3754 3755,0.000100000000
3755 3756,0.000100000000
3756 3757,0.000100000000
3757 3758,0.000100000000
3758 3759,0.000100000000
3759 3760,0.000100000000
376 377,0.000100000000
3760 3761,0.000100000000
3761 3762,0.000100000000
3762 3763,0.000100000000
3763 3764,0.000100000000
3764 3765,0.000100000000
3765 3766,0.000100000000
3766 3767,0.000100000000
3767 3768,0.000100000000
3768 3769,0.000100000000
3769 3770,0.000100000000
377 378,0.000100000000
3770 3771,0.000100000000
3771 3772,0.000100000000
3772 3773,0.000100000000
3773 3774,0.000100000000
3774 3775,0.000100000000
3775 3776,0.000100000000
3776 3777,0.000100000000
3777 3778,0.000100000000
3778 3779,0.000100000000
3779 3780,0.000100000000
378 379,0.000100000000
3780 3781,0.000100000000
3781 3782,0.000100000000
3782 3783,0.000100000000
3783 3784,0.000100000000
3784 3785,0.000100000000
3785 3786,0.000100000000
3786 3787,0.000100000000
3787 3788,0.000100000000
3788 3789,0.000100000000
3789 3790,0.000100000000
379 380,0.000100000000
3790 3791,0.000100000000
3791 3792,0.000100000000
3792 3793,0.000100000000
3793 3794,0.000100000000
3794 3795,0.000100000000
3795 3796,0.000100000000
3796 3797,0.000100000000
3797 3798,0.000100000000
3798 3799,0.000100000000
3799 3800,0.000100000000
38 39,0.000100000000
380 381,0.000100000000
3800 3801,0.000100000000
3801 3802,0.000100000000
3802 3803,0.000100000000
3803 3804,0.000100000000
3804 3805,0.000100000000
3805 3806,0.000100000000
3806 3807,0.000100000000
3807 3808,0.000100000000
3808 3809,0.000100000000
3809 3810,0.000100000000
381 382,0.000100000000
3810 3811,0.000100000000
3811 3812,0.000100000000
3812 3813,0.000100000000
3813 3814,0.000100000000
3814 3815,0.000100000000
3815 3816,0.000100000000
3816 3817,0.000100000000
3817 3818,0.000100000000
3818 3819,0.000100000000
3819 3820,0.000100000000
382 383,0.000100000000
3820 3821,0.000100000000
3821 3822,0.000100000000
3822 3823,0.000100000000
3823 3824,0.000100000000
3824 3825,0.000100000000
3825 3826,0.000100000000
3826 3827,0.000100000000
3827 3828,0.000100000000
3828 3829,0.000100000000
3829 3830,0.000100000000
383 384,0.000100000000
3830 3831,0.000100000000
3831 3832,0.000100000000
3832 3833,0.000100000000
3833 3834,0.000100000000
3834 3835,0.000100000000
3835 3836,0.000100000000
3836 3837,0.000100000000
3837 3838,0.000100000000
3838 3839,0.000100000000
3839 3840,0.000100000000
384 385,0.000100000000
3840 3841,0.000100000000
3841 3842,0.000100000000
3842 3843,0.000100000000
3843 3844,0.000100000000
3844 3845,0.000100000000
3845 3846,0.000100000000
3846 3847,0.000100000000
3847 3848,0.000100000000
3848 3849,0.000100000000
3849 3850,0.000100000000
385 386,0.000100000000
3850 3851,0.000100000000
3851 3852,0.000100000000
3852 3853,0.000100000000
3853 3854,0.000100000000
3854 3855,0.000100000000
3855 3856,0.000100000000
3856 3857,0.000100000000
3857 3858,0.000100000000
3858 3859,0.000100000000
3859 3860,0.000100000000
386 387,0.000100000000
3860 3861,0.000100000000
3861 3862,0.000100000000
3862 3863,0.000100000000
3863 3864,0.000100000000
3864 3865,0.000100000000
3865 3866,0.000100000000
3866 3867,0.000100000000
3867 3868,0.000100000000
3868 3869,0.000100000000
3869 3870,0.000100000000
387 388,0.000100000000
3870 3871,0.000100000000
3871 3872,0.000100000000
3872 3873,0.000100000000
3873 3874,0.000100000000
3874 3875,0.000100000000
3875 3876,0.000100000000
3876 3877,0.000100000000
3877 3878,0.000100000000
3878 3879,0.000100000000
3879 3880,0.000100000000
388 389,0.000100000000
3880 3881,0.000100000000
3881 3882,0.000100000000
3882 3883,0.000100000000
3883 3884,0.000100000000
3884 3885,0.000100000000
3885 3886,0.000100000000
3886 3887,0.000100000000
3887 3888,0.000100000000
3888 3889,0.000100000000
3889 3890,0.000100000000
389 390,0.000100000000
3890 3891,0.000100000000
3891 3892,0.000100000000
3892 3893,0.000100000000
3893 3894,0.000100000000
3894 3895,0.000100000000
3895 3896,0.000100000000
3896 3897,0.000100000000
3897 3898,0.000100000000
3898 3899,0.000100000000
3899 3900,0.000100000000
39 40,0.000100000000
390 391,0.000100000000
3900 3901,0.000100000000
3901 3902,0.000100000000
3902 3903,0.000100000000
3903 3904,0.000100000000
3904 3905,0.000100000000
3905 3906,0.000100000000
3906 3907,0.000100000000
3907 3908,0.000100000000
3908 3909,0.000100000000
3909 3910,0.000100000000
391 392,0.000100000000
3910 3911,0.000100000000
3911 3912,0.000100000000
3912 3913,0.000100000000
3913 3914,0.000100000000
3914 3915,0.000100000000
3915 3916,0.000100000000
3916 3917,0.000100000000
3917 3918,0.000100000000
3918 3919,0.000100000000
3919 3920,0.000100000000
392 393,0.000100000000
3920 3921,0.000100000000
3921 3922,0.000100000000
3922 3923,0.000100000000
3923 3924,0.000100000000
3924 3925,0.000100000000
3925 3926,0.000100000000
3926 3927,0.000100000000
3927 3928,0.000100000000
3928 3929,0.000100000000
3929 3930,0.000100000000
393 394,0.000100000000
3930 3931,0.000100000000
3931 3932,0.000100000000
3932 3933,0.000100000000
3933 3934,0.000100000000
3934 3935,0.000100000000
3935 3936,0.000100000000
3936 3937,0.000100000000
3937 3938,0.000100000000
3938 3939,0.000100000000
3939 3940,0.000100000000
394 395,0.000100000000
3940 3941,0.000100000000
3941 3942,0.000100000000
3942 3943,0.000100000000
3943 3944,0.000100000000
3944 3945,0.000100000000
3945 3946,0.000100000000
3946 3947,0.000100000000
3947 3948,0.000100000000
3948 3949,0.000100000000
3949 3950,0.000100000000
395 396,0.000100000000
3950 3951,0.000100000000
3951 3952,0.000100000000
3952 3953,0.000100000000
3953 3954,0.000100000000
3954 3955,0.000100000000
3955 3956,0.000100000000
3956 3957,0.000100000000
3957 3958,0.000100000000
3958 3959,0.000100000000
3959 3960,0.000100000000
396 397,0.000100000000
3960 3961,0.000100000000
3961 3962,0.000100000000
3962 3963,0.000100000000
3963 3964,0.000100000000
3964 3965,0.000100000000
3965 3966,0.000100000000
3966 3967,0.000100000000
3967 3968,0.000100000000
3968 3969,0.000100000000
3969 3970,0.000100000000
397 398,0.000100000000
3970 3971,0.000100000000
3971 3972,0.000100000000
3972 3973,0.000100000000
3973 3974,0.000100000000
3974 3975,0.000100000000
3975 3976,0.000100000000
3976 3977,0.000100000000
3977 3978,0.000100000000
3978 3979,0.000100000000
3979 3980,0.000100000000
398 399,0.000100000000
3980 3981,0.000100000000
3981 3982,0.000100000000
3982 3983,0.000100000000
3983 3984,0.000100000000
3984 3985,0.000100000000
3985 3986,0.000100000000
3986 3987,0.000100000000
3987 3988,0.000100000000
3988 3989,0.000100000000
3989 3990,0.000100000000
399 400,0.000100000000
3990 3991,0.000100000000
3991 3992,0.000100000000
3992 3993,0.000100000000
3993 3994,0.000100000000
3994 3995,0.000100000000
3995 3996,0.000100000000
3996 3997,0.000100000000
3997 3998,0.000100000000
3998 3999,0.000100000000
3999 4000,0.000100000000
4 5,0.000047799375
40 41,0.000100000000
400 401,0.000100000000
4000 4001,0.000100000000
4001 4002,0.000100000000
4002 4003,0.000100000000
4003 4004,0.000100000000
4004 4005,0.000100000000
4005 4006,0.000100000000
4006 4007,0.000100000000
4007 4008,0.000100000000
4008 4009,0.000100000000
4009 4010,0.000100000000
401 402,0.000100000000
4010 4011,0.000100000000
4011 4012,0.000100000000
4012 4013,0.000100000000
4013 4014,0.000100000000
4014 4015,0.000100000000
4015 4016,0.000100000000
4016 4017,0.000100000000
4017 4018,0.000100000000
4018 4019,0.000100000000
4019 4020,0.000100000000
402 403,0.000100000000
4020 4021,0.000100000000
4021 4022,0.000100000000
4022 4023,0.000100000000
4023 4024,0.000100000000
4024 4025,0.000100000000
4025 4026,0.000100000000
4026 4027,0.000100000000
4027 4028,0.000100000000
4028 4029,0.000100000000
4029 4030,0.000100000000
403 404,0.000100000000
4030 4031,0.000100000000
4031 4032,0.000100000000
4032 4033,0.000100000000
4033 4034,0.000100000000
4034 4035,0.000100000000
4035 4036,0.000100000000
4036 4037,0.000100000000
4037 4038,0.000100000000
4038 4039,0.000100000000
4039 4040,0.000100000000
404 405,0.000100000000
4040 4041,0.000100000000
4041 4042,0.000100000000
4042 4043,0.000100000000
4043 4044,0.000100000000
4044 4045,0.000100000000
4045 4046,0.000100000000
4046 4047,0.000100000000
4047 4048,0.000100000000
4048 4049,0.000100000000
4049 4050,0.000100000000
405 406,0.000100000000
4050 4051,0.000100000000
4051 4052,0.000100000000
4052 4053,0.000100000000
4053 4054,0.000100000000
4054 4055,0.000100000000
4055 4056,0.000100000000
4056 4057,0.000100000000
4057 4058,0.000100000000
4058 4059,0.000100000000
4059 4060,0.000100000000
406 407,0.000100000000
4060 4061,0.000100000000
4061 4062,0.000100000000
4062 4063,0.000100000000
4063 4064,0.000100000000
4064 4065,0.000100000000
4065 4066,0.000100000000
4066 4067,0.000100000000
4067 4068,0.000100000000
4068 4069,0.000100000000
4069 4070,0.000100000000
407 408,0.000100000000
4070 4071,0.000100000000
4071 4072,0.000100000000
4072 4073,0.000100000000
4073 4074,0.000100000000
4074 4075,0.000100000000
4075 4076,0.000100000000
4076 4077,0.000100000000
4077 4078,0.000100000000
4078 4079,0.000100000000
4079 4080,0.000100000000
408 409,0.000100000000
4080 4081,0.000100000000
4081 4082,0.000100000000
4082 4083,0.000100000000
4083 4084,0.000100000000
4084 4085,0.000100000000
4085 4086,0.000100000000
4086 4087,0.000100000000
4087 4088,0.000100000000
4088 4089,0.000100000000
4089 4090,0.000100000000
409 410,0.000100000000
4090 4091,0.000100000000
4091 4092,0.000100000000
4092 4093,0.000100000000
4093 4094,0.000100000000
4094 4095,0.000100000000
4095 4096,0.000100000000
4096 4097,0.000100000000
4097 4098,0.000100000000
4098 4099,0.000100000000
4099 4100,0.000100000000
41 42,0.000100000000
410 411,0.000100000000
4100 4101,0.000100000000
4101 4102,0.000100000000
4102 4103,0.000100000000
4103 4104,0.000100000000
4104 4105,0.000100000000
4105 4106,0.000100000000
4106 4107,0.000100000000
4107 4108,0.000100000000
4108 4109,0.000100000000
4109 4110,0.000100000000
411 412,0.000100000000
4110 4111,0.000100000000
4111 4112,0.000100000000
4112 4113,0.000100000000
4113 4114,0.000100000000
4114 4115,0.000100000000
4115 4116,0.000100000000
4116 4117,0.000100000000
4117 4118,0.000100000000
4118 4119,0.000100000000
4119 4120,0.000100000000
412 413,0.000100000000
4120 4121,0.000100000000
4121 4122,0.000100000000
4122 4123,0.000100000000
4123 4124,0.000100000000
4124 4125,0.000100000000
4125 4126,0.000100000000
4126 4127,0.000100000000
4127 4128,0.000100000000
4128 4129,0.000100000000
4129 4130,0.000100000000
413 414,0.000100000000
4130 4131,0.000100000000
4131 4132,0.000100000000
4132 4133,0.000100000000
4133 4134,0.000100000000
4134 4135,0.000100000000
4135 4136,0.000100000000
4136 4137,0.000100000000
4137 4138,0.000100000000
4138 4139,0.000100000000
4139 4140,0.000100000000
414 415,0.000100000000
4140 4141,0.000100000000
4141 4142,0.000100000000
4142 4143,0.000100000000
4143 4144,0.000100000000
4144 4145,0.000100000000
4145 4146,0.000100000000
4146 4147,0.000100000000
4147 4148,0.000100000000
