5048 5049,0.000100000000
5049 5050,0.000100000000
505 506,0.000100000000
5050 5051,0.000100000000
5051 5052,0.000100000000
5052 5053,0.000100000000
5053 5054,0.000100000000
5054 5055,0.000100000000
5055 5056,0.000100000000
5056 5057,0.000100000000
5057 5058,0.000100000000
5058 5059,0.000100000000
5059 5060,0.000100000000
506 507,0.000100000000
5060 5061,0.000100000000
5061 5062,0.000100000000
5062 5063,0.000100000000
5063 5064,0.000100000000
5064 5065,0.000100000000
5065 5066,0.000100000000
5066 5067,0.000100000000
5067 5068,0.000100000000
5068 5069,0.000100000000
5069 5070,0.000100000000
507 508,0.000100000000
5070 5071,0.000100000000
5071 5072,0.000100000000
5072 5073,0.000100000000
5073 5074,0.000100000000
5074 5075,0.000100000000
5075 5076,0.000100000000
5076 5077,0.000100000000
5077 5078,0.000100000000
5078 5079,0.000100000000
5079 5080,0.000100000000
508 509,0.000100000000
5080 5081,0.000100000000
5081 5082,0.000100000000
5082 5083,0.000100000000
5083 5084,0.000100000000
5084 5085,0.000100000000
5085 5086,0.000100000000
5086 5087,0.000100000000
5087 5088,0.000100000000
5088 5089,0.000100000000
5089 5090,0.000100000000
509 510,0.000100000000
5090 5091,0.000100000000
5091 5092,0.000100000000
5092 5093,0.000100000000
5093 5094,0.000100000000
5094 5095,0.000100000000
5095 5096,0.000100000000
5096 5097,0.000100000000
5097 5098,0.000100000000
5098 5099,0.000100000000
5099 5100,0.000100000000
51 52,0.000100000000
510 511,0.000100000000
5100 5101,0.000100000000
5101 5102,0.000100000000
5102 5103,0.000100000000
5103 5104,0.000100000000
5104 5105,0.000100000000
5105 5106,0.000100000000
5106 5107,0.000100000000
5107 5108,0.000100000000
5108 5109,0.000100000000
5109 5110,0.000100000000
511 512,0.000100000000
5110 5111,0.000100000000
5111 5112,0.000100000000
5112 5113,0.000100000000
5113 5114,0.000100000000
5114 5115,0.000100000000
5115 5116,0.000100000000
5116 5117,0.000100000000
5117 5118,0.000100000000
5118 5119,0.000100000000
5119 5120,0.000100000000
512 513,0.000100000000
5120 5121,0.000100000000
5121 5122,0.000100000000
5122 5123,0.000100000000
5123 5124,0.000100000000
5124 5125,0.000100000000
5125 5126,0.000100000000
5126 5127,0.000100000000
5127 5128,0.000100000000
5128 5129,0.000100000000
5129 5130,0.000100000000
513 514,0.000100000000
5130 5131,0.000100000000
5131 5132,0.000100000000
5132 5133,0.000100000000
5133 5134,0.000100000000
5134 5135,0.000100000000
5135 5136,0.000100000000
5136 5137,0.000100000000
5137 5138,0.000100000000
5138 5139,0.000100000000
5139 5140,0.000100000000
514 515,0.000100000000
5140 5141,0.000100000000
5141 5142,0.000100000000
5142 5143,0.000100000000
5143 5144,0.000100000000
5144 5145,0.000100000000
5145 5146,0.000100000000
5146 5147,0.000100000000
5147 5148,0.000100000000
5148 5149,0.000100000000
5149 5150,0.000100000000
515 516,0.000100000000
5150 5151,0.000100000000
5151 5152,0.000100000000
5152 5153,0.000100000000
5153 5154,0.000100000000
5154 5155,0.000100000000
5155 5156,0.000100000000
5156 5157,0.000100000000
5157 5158,0.000100000000
5158 5159,0.000100000000
5159 5160,0.000100000000
516 517,0.000100000000
5160 5161,0.000100000000
5161 5162,0.000100000000
5162 5163,0.000100000000
5163 5164,0.000100000000
5164 5165,0.000100000000
5165 5166,0.000100000000
5166 5167,0.000100000000
5167 5168,0.000100000000
5168 5169,0.000100000000
5169 5170,0.000100000000
517 518,0.000100000000
5170 5171,0.000100000000
5171 5172,0.000100000000
5172 5173,0.000100000000
5173 5174,0.000100000000
5174 5175,0.000100000000
5175 5176,0.000100000000
5176 5177,0.000100000000
5177 5178,0.000100000000
5178 5179,0.000100000000
5179 5180,0.000100000000
518 519,0.000100000000
5180 5181,0.000100000000
5181 5182,0.000100000000
5182 5183,0.000100000000
5183 5184,0.000100000000
5184 5185,0.000100000000
5185 5186,0.000100000000
5186 5187,0.000100000000
5187 5188,0.000100000000
5188 5189,0.000100000000
5189 5190,0.000100000000
519 520,0.000100000000
5190 5191,0.000100000000
5191 5192,0.000100000000
5192 5193,0.000100000000
5193 5194,0.000100000000
5194 5195,0.000100000000
5195 5196,0.000100000000
5196 5197,0.000100000000
5197 5198,0.000100000000
5198 5199,0.000100000000
5199 5200,0.000100000000
52 53,0.000100000000
520 521,0.000100000000
5200 5201,0.000100000000
5201 5202,0.000100000000
5202 5203,0.000100000000
5203 5204,0.000100000000
5204 5205,0.000100000000
5205 5206,0.000100000000
5206 5207,0.000100000000
5207 5208,0.000100000000
5208 5209,0.000100000000
5209 5210,0.000100000000
521 522,0.000100000000
5210 5211,0.000100000000
5211 5212,0.000100000000
5212 5213,0.000100000000
5213 5214,0.000100000000
5214 5215,0.000100000000
5215 5216,0.000100000000
5216 5217,0.000100000000
5217 5218,0.000100000000
5218 5219,0.000100000000
5219 5220,0.000100000000
522 523,0.000100000000
5220 5221,0.000100000000
5221 5222,0.000100000000
5222 5223,0.000100000000
5223 5224,0.000100000000
5224 5225,0.000100000000
5225 5226,0.000100000000
5226 5227,0.000100000000
5227 5228,0.000100000000
5228 5229,0.000100000000
5229 5230,0.000100000000
523 524,0.000100000000
5230 5231,0.000100000000
5231 5232,0.000100000000
5232 5233,0.000100000000
5233 5234,0.000100000000
5234 5235,0.000100000000
5235 5236,0.000100000000
5236 5237,0.000100000000
5237 5238,0.000100000000
5238 5239,0.000100000000
5239 5240,0.000100000000
524 525,0.000100000000
5240 5241,0.000100000000
5241 5242,0.000100000000
5242 5243,0.000100000000
5243 5244,0.000100000000
5244 5245,0.000100000000
5245 5246,0.000100000000
5246 5247,0.000100000000
5247 5248,0.000100000000
5248 5249,0.000100000000
5249 5250,0.000100000000
525 526,0.000100000000
5250 5251,0.000100000000
5251 5252,0.000100000000
5252 5253,0.000100000000
5253 5254,0.000100000000
5254 5255,0.000100000000
5255 5256,0.000100000000
5256 5257,0.000100000000
5257 5258,0.000100000000
5258 5259,0.000100000000
5259 5260,0.000100000000
526 527,0.000100000000
5260 5261,0.000100000000
5261 5262,0.000100000000
5262 5263,0.000100000000
5263 5264,0.000100000000
5264 5265,0.000100000000
5265 5266,0.000100000000
5266 5267,0.000100000000
5267 5268,0.000100000000
5268 5269,0.000100000000
5269 5270,0.000100000000
527 528,0.000100000000
5270 5271,0.000100000000
5271 5272,0.000100000000
5272 5273,0.000100000000
5273 5274,0.000100000000
5274 5275,0.000100000000
5275 5276,0.000100000000
5276 5277,0.000100000000
5277 5278,0.000100000000
5278 5279,0.000100000000
5279 5280,0.000100000000
528 529,0.000100000000
5280 5281,0.000100000000
5281 5282,0.000100000000
5282 5283,0.000100000000
5283 5284,0.000100000000
5284 5285,0.000100000000
5285 5286,0.000100000000
5286 5287,0.000100000000
5287 5288,0.000100000000
5288 5289,0.000100000000
5289 5290,0.000100000000
529 530,0.000100000000
5290 5291,0.000100000000
5291 5292,0.000100000000
5292 5293,0.000100000000
5293 5294,0.000100000000
5294 5295,0.000100000000
5295 5296,0.000100000000
5296 5297,0.000100000000
5297 5298,0.000100000000
5298 5299,0.000100000000
5299 5300,0.000100000000
53 54,0.000100000000
530 531,0.000100000000
5300 5301,0.000100000000
5301 5302,0.000100000000
5302 5303,0.000100000000
5303 5304,0.000100000000
5304 5305,0.000100000000
5305 5306,0.000100000000
5306 5307,0.000100000000
5307 5308,0.000100000000
5308 5309,0.000100000000
5309 5310,0.000100000000
531 532,0.000100000000
5310 5311,0.000100000000
5311 5312,0.000100000000
5312 5313,0.000100000000
5313 5314,0.000100000000
5314 5315,0.000100000000
5315 5316,0.000100000000
5316 5317,0.000100000000
5317 5318,0.000100000000
5318 5319,0.000100000000
5319 5320,0.000100000000
532 533,0.000100000000
5320 5321,0.000100000000
5321 5322,0.000100000000
5322 5323,0.000100000000
5323 5324,0.000100000000
5324 5325,0.000100000000
5325 5326,0.000100000000
5326 5327,0.000100000000
5327 5328,0.000100000000
5328 5329,0.000100000000
5329 5330,0.000100000000
533 534,0.000100000000
5330 5331,0.000100000000
5331 5332,0.000100000000
5332 5333,0.000100000000
5333 5334,0.000100000000
5334 5335,0.000100000000
5335 5336,0.000100000000
5336 5337,0.000100000000
5337 5338,0.000100000000
5338 5339,0.000100000000
5339 5340,0.000100000000
534 535,0.000100000000
5340 5341,0.000100000000
5341 5342,0.000100000000
5342 5343,0.000100000000
5343 5344,0.000100000000
5344 5345,0.000100000000
5345 5346,0.000100000000
5346 5347,0.000100000000
5347 5348,0.000100000000
5348 5349,0.000100000000
5349 5350,0.000100000000
535 536,0.000100000000
5350 5351,0.000100000000
5351 5352,0.000100000000
5352 5353,0.000100000000
5353 5354,0.000100000000
5354 5355,0.000100000000
5355 5356,0.000100000000
5356 5357,0.000100000000
5357 5358,0.000100000000
5358 5359,0.000100000000
5359 5360,0.000100000000
536 537,0.000100000000
5360 5361,0.000100000000
5361 5362,0.000100000000
5362 5363,0.000100000000
5363 5364,0.000100000000
5364 5365,0.000100000000
5365 5366,0.000100000000
5366 5367,0.000100000000
5367 5368,0.000100000000
5368 5369,0.000100000000
5369 5370,0.000100000000
537 538,0.000100000000
5370 5371,0.000100000000
5371 5372,0.000100000000
5372 5373,0.000100000000
5373 5374,0.000100000000
5374 5375,0.000100000000
5375 5376,0.000100000000
5376 5377,0.000100000000
5377 5378,0.000100000000
5378 5379,0.000100000000
5379 5380,0.000100000000
538 539,0.000100000000
5380 5381,0.000100000000
5381 5382,0.000100000000
5382 5383,0.000100000000
5383 5384,0.000100000000
5384 5385,0.000100000000
5385 5386,0.000100000000
5386 5387,0.000100000000
5387 5388,0.000100000000
5388 5389,0.000100000000
5389 5390,0.000100000000
539 540,0.000100000000
5390 5391,0.000100000000
5391 5392,0.000100000000
5392 5393,0.000100000000
5393 5394,0.000100000000
5394 5395,0.000100000000
5395 5396,0.000100000000
5396 5397,0.000100000000
5397 5398,0.000100000000
5398 5399,0.000100000000
5399 5400,0.000100000000
54 55,0.000100000000
540 541,0.000100000000
5400 5401,0.000100000000
5401 5402,0.000100000000
5402 5403,0.000100000000
5403 5404,0.000100000000
5404 5405,0.000100000000
5405 5406,0.000100000000
5406 5407,0.000100000000
5407 5408,0.000100000000
5408 5409,0.000100000000
5409 5410,0.000100000000
541 542,0.000100000000
5410 5411,0.000100000000
5411 5412,0.000100000000
5412 5413,0.000100000000
5413 5414,0.000100000000
5414 5415,0.000100000000
5415 5416,0.000100000000
5416 5417,0.000100000000
5417 5418,0.000100000000
5418 5419,0.000100000000
5419 5420,0.000100000000
542 543,0.000100000000
5420 5421,0.000100000000
5421 5422,0.000100000000
5422 5423,0.000100000000
5423 5424,0.000100000000
5424 5425,0.000100000000
5425 5426,0.000100000000
5426 5427,0.000100000000
5427 5428,0.000100000000
5428 5429,0.000100000000
5429 5430,0.000100000000
543 544,0.000100000000
5430 5431,0.000100000000
5431 5432,0.000100000000
5432 5433,0.000100000000
5433 5434,0.000100000000
5434 5435,0.000100000000
5435 5436,0.000100000000
5436 5437,0.000100000000
5437 5438,0.000100000000
5438 5439,0.000100000000
5439 5440,0.000100000000
544 545,0.000100000000
5440 5441,0.000100000000
5441 5442,0.000100000000
5442 5443,0.000100000000
5443 5444,0.000100000000
5444 5445,0.000100000000
5445 5446,0.000100000000
5446 5447,0.000100000000
5447 5448,0.000100000000
5448 5449,0.000100000000
5449 5450,0.000100000000
545 546,0.000100000000
5450 5451,0.000100000000
5451 5452,0.000100000000
5452 5453,0.000100000000
5453 5454,0.000100000000
5454 5455,0.000100000000
5455 5456,0.000100000000
5456 5457,0.000100000000
5457 5458,0.000100000000
5458 5459,0.000100000000
5459 5460,0.000100000000
546 547,0.000100000000
5460 5461,0.000100000000
5461 5462,0.000100000000
5462 5463,0.000100000000
5463 5464,0.000100000000
5464 5465,0.000100000000
5465 5466,0.000100000000
5466 5467,0.000100000000
5467 5468,0.000100000000
5468 5469,0.000100000000
5469 5470,0.000100000000
547 548,0.000100000000
5470 5471,0.000100000000
5471 5472,0.000100000000
5472 5473,0.000100000000
5473 5474,0.000100000000
5474 5475,0.000100000000
5475 5476,0.000100000000
5476 5477,0.000100000000
5477 5478,0.000100000000
5478 5479,0.000100000000
5479 5480,0.000100000000
548 549,0.000100000000
5480 5481,0.000100000000
5481 5482,0.000100000000
5482 5483,0.000100000000
5483 5484,0.000100000000
5484 5485,0.000100000000
5485 5486,0.000100000000
5486 5487,0.000100000000
5487 5488,0.000100000000
5488 5489,0.000100000000
5489 5490,0.000100000000
549 550,0.000100000000
5490 5491,0.000100000000
5491 5492,0.000100000000
5492 5493,0.000100000000
5493 5494,0.000100000000
5494 5495,0.000100000000
5495 5496,0.000100000000
5496 5497,0.000100000000
5497 5498,0.000100000000
5498 5499,0.000100000000
