8199 8200,0.000100000000
82 83,0.000100000000
820 821,0.000100000000
8200 8201,0.000100000000
8201 8202,0.000100000000
8202 8203,0.000100000000
8203 8204,0.000100000000
8204 8205,0.000100000000
8205 8206,0.000100000000
8206 8207,0.000100000000
8207 8208,0.000100000000
8208 8209,0.000100000000
8209 8210,0.000100000000
821 822,0.000100000000
8210 8211,0.000100000000
8211 8212,0.000100000000
8212 8213,0.000100000000
8213 8214,0.000100000000
8214 8215,0.000100000000
8215 8216,0.000100000000
8216 8217,0.000100000000
8217 8218,0.000100000000
8218 8219,0.000100000000
8219 8220,0.000100000000
822 823,0.000100000000
8220 8221,0.000100000000
8221 8222,0.000100000000
8222 8223,0.000100000000
8223 8224,0.000100000000
8224 8225,0.000100000000
8225 8226,0.000100000000
8226 8227,0.000100000000
8227 8228,0.000100000000
8228 8229,0.000100000000
8229 8230,0.000100000000
823 824,0.000100000000
8230 8231,0.000100000000
8231 8232,0.000100000000
8232 8233,0.000100000000
8233 8234,0.000100000000
8234 8235,0.000100000000
8235 8236,0.000100000000
8236 8237,0.000100000000
8237 8238,0.000100000000
8238 8239,0.000100000000
8239 8240,0.000100000000
824 825,0.000100000000
8240 8241,0.000100000000
8241 8242,0.000100000000
8242 8243,0.000100000000
8243 8244,0.000100000000
8244 8245,0.000100000000
8245 8246,0.000100000000
8246 8247,0.000100000000
8247 8248,0.000100000000
8248 8249,0.000100000000
8249 8250,0.000100000000
825 826,0.000100000000
8250 8251,0.000100000000
8251 8252,0.000100000000
8252 8253,0.000100000000
8253 8254,0.000100000000
8254 8255,0.000100000000
8255 8256,0.000100000000
8256 8257,0.000100000000
8257 8258,0.000100000000
8258 8259,0.000100000000
8259 8260,0.000100000000
826 827,0.000100000000
8260 8261,0.000100000000
8261 8262,0.000100000000
8262 8263,0.000100000000
8263 8264,0.000100000000
8264 8265,0.000100000000
8265 8266,0.000100000000
8266 8267,0.000100000000
8267 8268,0.000100000000
8268 8269,0.000100000000
8269 8270,0.000100000000
827 828,0.000100000000
8270 8271,0.000100000000
8271 8272,0.000100000000
8272 8273,0.000100000000
8273 8274,0.000100000000
8274 8275,0.000100000000
8275 8276,0.000100000000
8276 8277,0.000100000000
8277 8278,0.000100000000
8278 8279,0.000100000000
8279 8280,0.000100000000
828 829,0.000100000000
8280 8281,0.000100000000
8281 8282,0.000100000000
8282 8283,0.000100000000
8283 8284,0.000100000000
8284 8285,0.000100000000
8285 8286,0.000100000000
8286 8287,0.000100000000
8287 8288,0.000100000000
8288 8289,0.000100000000
8289 8290,0.000100000000
829 830,0.000100000000
8290 8291,0.000100000000
8291 8292,0.000100000000
8292 8293,0.000100000000
8293 8294,0.000100000000
8294 8295,0.000100000000
8295 8296,0.000100000000
8296 8297,0.000100000000
8297 8298,0.000100000000
8298 8299,0.000100000000
8299 8300,0.000100000000
83 84,0.000100000000
830 831,0.000100000000
8300 8301,0.000100000000
8301 8302,0.000100000000
8302 8303,0.000100000000
8303 8304,0.000100000000
8304 8305,0.000100000000
8305 8306,0.000100000000
8306 8307,0.000100000000
8307 8308,0.000100000000
8308 8309,0.000100000000
8309 8310,0.000100000000
831 832,0.000100000000
8310 8311,0.000100000000
8311 8312,0.000100000000
8312 8313,0.000100000000
8313 8314,0.000100000000
8314 8315,0.000100000000
8315 8316,0.000100000000
8316 8317,0.000100000000
8317 8318,0.000100000000
8318 8319,0.000100000000
8319 8320,0.000100000000
832 833,0.000100000000
8320 8321,0.000100000000
8321 8322,0.000100000000
8322 8323,0.000100000000
8323 8324,0.000100000000
8324 8325,0.000100000000
8325 8326,0.000100000000
8326 8327,0.000100000000
8327 8328,0.000100000000
8328 8329,0.000100000000
8329 8330,0.000100000000
833 834,0.000100000000
8330 8331,0.000100000000
8331 8332,0.000100000000
8332 8333,0.000100000000
8333 8334,0.000100000000
8334 8335,0.000100000000
8335 8336,0.000100000000
8336 8337,0.000100000000
8337 8338,0.000100000000
8338 8339,0.000100000000
8339 8340,0.000100000000
834 835,0.000100000000
8340 8341,0.000100000000
8341 8342,0.000100000000
8342 8343,0.000100000000
8343 8344,0.000100000000
8344 8345,0.000100000000
8345 8346,0.000100000000
8346 8347,0.000100000000
8347 8348,0.000100000000
8348 8349,0.000100000000
8349 8350,0.000100000000
835 836,0.000100000000
8350 8351,0.000100000000
8351 8352,0.000100000000
8352 8353,0.000100000000
8353 8354,0.000100000000
8354 8355,0.000100000000
8355 8356,0.000100000000
8356 8357,0.000100000000
8357 8358,0.000100000000
8358 8359,0.000100000000
8359 8360,0.000100000000
836 837,0.000100000000
8360 8361,0.000100000000
8361 8362,0.000100000000
8362 8363,0.000100000000
8363 8364,0.000100000000
8364 8365,0.000100000000
8365 8366,0.000100000000
8366 8367,0.000100000000
8367 8368,0.000100000000
8368 8369,0.000100000000
8369 8370,0.000100000000
837 838,0.000100000000
8370 8371,0.000100000000
8371 8372,0.000100000000
8372 8373,0.000100000000
8373 8374,0.000100000000
8374 8375,0.000100000000
8375 8376,0.000100000000
8376 8377,0.000100000000
8377 8378,0.000100000000
8378 8379,0.000100000000
8379 8380,0.000100000000
838 839,0.000100000000
8380 8381,0.000100000000
8381 8382,0.000100000000
8382 8383,0.000100000000
8383 8384,0.000100000000
8384 8385,0.000100000000
8385 8386,0.000100000000
8386 8387,0.000100000000
8387 8388,0.000100000000
8388 8389,0.000100000000
8389 8390,0.000100000000
839 840,0.000100000000
8390 8391,0.000100000000
8391 8392,0.000100000000
8392 8393,0.000100000000
8393 8394,0.000100000000
8394 8395,0.000100000000
8395 8396,0.000100000000
8396 8397,0.000100000000
8397 8398,0.000100000000
8398 8399,0.000100000000
8399 8400,0.000100000000
84 85,0.000100000000
840 841,0.000100000000
8400 8401,0.000100000000
8401 8402,0.000100000000
8402 8403,0.000100000000
8403 8404,0.000100000000
8404 8405,0.000100000000
8405 8406,0.000100000000
8406 8407,0.000100000000
8407 8408,0.000100000000
8408 8409,0.000100000000
8409 8410,0.000100000000
841 842,0.000100000000
8410 8411,0.000100000000
8411 8412,0.000100000000
8412 8413,0.000100000000
8413 8414,0.000100000000
8414 8415,0.000100000000
8415 8416,0.000100000000
8416 8417,0.000100000000
8417 8418,0.000100000000
8418 8419,0.000100000000
8419 8420,0.000100000000
842 843,0.000100000000
8420 8421,0.000100000000
8421 8422,0.000100000000
8422 8423,0.000100000000
8423 8424,0.000100000000
8424 8425,0.000100000000
8425 8426,0.000100000000
8426 8427,0.000100000000
8427 8428,0.000100000000
8428 8429,0.000100000000
8429 8430,0.000100000000
843 844,0.000100000000
8430 8431,0.000100000000
8431 8432,0.000100000000
8432 8433,0.000100000000
8433 8434,0.000100000000
8434 8435,0.000100000000
8435 8436,0.000100000000
8436 8437,0.000100000000
8437 8438,0.000100000000
8438 8439,0.000100000000
8439 8440,0.000100000000
844 845,0.000100000000
8440 8441,0.000100000000
8441 8442,0.000100000000
8442 8443,0.000100000000
8443 8444,0.000100000000
8444 8445,0.000100000000
8445 8446,0.000100000000
8446 8447,0.000100000000
8447 8448,0.000100000000
8448 8449,0.000100000000
8449 8450,0.000100000000
845 846,0.000100000000
8450 8451,0.000100000000
8451 8452,0.000100000000
8452 8453,0.000100000000
8453 8454,0.000100000000
8454 8455,0.000100000000
8455 8456,0.000100000000
8456 8457,0.000100000000
8457 8458,0.000100000000
8458 8459,0.000100000000
8459 8460,0.000100000000
846 847,0.000100000000
8460 8461,0.000100000000
8461 8462,0.000100000000
8462 8463,0.000100000000
8463 8464,0.000100000000
8464 8465,0.000100000000
8465 8466,0.000100000000
8466 8467,0.000100000000
8467 8468,0.000100000000
8468 8469,0.000100000000
8469 8470,0.000100000000
847 848,0.000100000000
8470 8471,0.000100000000
8471 8472,0.000100000000
8472 8473,0.000100000000
8473 8474,0.000100000000
8474 8475,0.000100000000
8475 8476,0.000100000000
8476 8477,0.000100000000
8477 8478,0.000100000000
8478 8479,0.000100000000
8479 8480,0.000100000000
848 849,0.000100000000
8480 8481,0.000100000000
8481 8482,0.000100000000
8482 8483,0.000100000000
8483 8484,0.000100000000
8484 8485,0.000100000000
8485 8486,0.000100000000
8486 8487,0.000100000000
8487 8488,0.000100000000
8488 8489,0.000100000000
8489 8490,0.000100000000
849 850,0.000100000000
8490 8491,0.000100000000
8491 8492,0.000100000000
8492 8493,0.000100000000
8493 8494,0.000100000000
8494 8495,0.000100000000
8495 8496,0.000100000000
8496 8497,0.000100000000
8497 8498,0.000100000000
8498 8499,0.000100000000
8499 8500,0.000100000000
85 86,0.000100000000
850 851,0.000100000000
8500 8501,0.000100000000
8501 8502,0.000100000000
8502 8503,0.000100000000
8503 8504,0.000100000000
8504 8505,0.000100000000
8505 8506,0.000100000000
8506 8507,0.000100000000
8507 8508,0.000100000000
8508 8509,0.000100000000
8509 8510,0.000100000000
851 852,0.000100000000
8510 8511,0.000100000000
8511 8512,0.000100000000
8512 8513,0.000100000000
8513 8514,0.000100000000
8514 8515,0.000100000000
8515 8516,0.000100000000
8516 8517,0.000100000000
8517 8518,0.000100000000
8518 8519,0.000100000000
8519 8520,0.000100000000
852 853,0.000100000000
8520 8521,0.000100000000
8521 8522,0.000100000000
8522 8523,0.000100000000
8523 8524,0.000100000000
8524 8525,0.000100000000
8525 8526,0.000100000000
8526 8527,0.000100000000
8527 8528,0.000100000000
8528 8529,0.000100000000
8529 8530,0.000100000000
853 854,0.000100000000
8530 8531,0.000100000000
8531 8532,0.000100000000
8532 8533,0.000100000000
8533 8534,0.000100000000
8534 8535,0.000100000000
8535 8536,0.000100000000
8536 8537,0.000100000000
8537 8538,0.000100000000
8538 8539,0.000100000000
8539 8540,0.000100000000
854 855,0.000100000000
8540 8541,0.000100000000
8541 8542,0.000100000000
8542 8543,0.000100000000
8543 8544,0.000100000000
8544 8545,0.000100000000
8545 8546,0.000100000000
8546 8547,0.000100000000
8547 8548,0.000100000000
8548 8549,0.000100000000
8549 8550,0.000100000000
855 856,0.000100000000
8550 8551,0.000100000000
8551 8552,0.000100000000
8552 8553,0.000100000000
8553 8554,0.000100000000
8554 8555,0.000100000000
8555 8556,0.000100000000
8556 8557,0.000100000000
8557 8558,0.000100000000
8558 8559,0.000100000000
8559 8560,0.000100000000
856 857,0.000100000000
8560 8561,0.000100000000
8561 8562,0.000100000000
8562 8563,0.000100000000
8563 8564,0.000100000000
8564 8565,0.000100000000
8565 8566,0.000100000000
8566 8567,0.000100000000
8567 8568,0.000100000000
8568 8569,0.000100000000
8569 8570,0.000100000000
857 858,0.000100000000
8570 8571,0.000100000000
8571 8572,0.000100000000
8572 8573,0.000100000000
8573 8574,0.000100000000
8574 8575,0.000100000000
8575 8576,0.000100000000
8576 8577,0.000100000000
8577 8578,0.000100000000
8578 8579,0.000100000000
8579 8580,0.000100000000
858 859,0.000100000000
8580 8581,0.000100000000
8581 8582,0.000100000000
8582 8583,0.000100000000
8583 8584,0.000100000000
8584 8585,0.000100000000
8585 8586,0.000100000000
8586 8587,0.000100000000
8587 8588,0.000100000000
8588 8589,0.000100000000
8589 8590,0.000100000000
859 860,0.000100000000
8590 8591,0.000100000000
8591 8592,0.000100000000
8592 8593,0.000100000000
8593 8594,0.000100000000
8594 8595,0.000100000000
8595 8596,0.000100000000
8596 8597,0.000100000000
8597 8598,0.000100000000
8598 8599,0.000100000000
8599 8600,0.000100000000
86 87,0.000100000000
860 861,0.000100000000
8600 8601,0.000100000000
8601 8602,0.000100000000
8602 8603,0.000100000000
8603 8604,0.000100000000
8604 8605,0.000100000000
8605 8606,0.000100000000
8606 8607,0.000100000000
8607 8608,0.000100000000
8608 8609,0.000100000000
8609 8610,0.000100000000
861 862,0.000100000000
8610 8611,0.000100000000
8611 8612,0.000100000000
8612 8613,0.000100000000
8613 8614,0.000100000000
8614 8615,0.000100000000
8615 8616,0.000100000000
8616 8617,0.000100000000
8617 8618,0.000100000000
8618 8619,0.000100000000
8619 8620,0.000100000000
862 863,0.000100000000
8620 8621,0.000100000000
8621 8622,0.000100000000
8622 8623,0.000100000000
8623 8624,0.000100000000
8624 8625,0.000100000000
8625 8626,0.000100000000
8626 8627,0.000100000000
8627 8628,0.000100000000
8628 8629,0.000100000000
8629 8630,0.000100000000
863 864,0.000100000000
8630 8631,0.000100000000
8631 8632,0.000100000000
8632 8633,0.000100000000
8633 8634,0.000100000000
8634 8635,0.000100000000
8635 8636,0.000100000000
8636 8637,0.000100000000
8637 8638,0.000100000000
8638 8639,0.000100000000
8639 8640,0.000100000000
864 865,0.000100000000
8640 8641,0.000100000000
8641 8642,0.000100000000
8642 8643,0.000100000000
8643 8644,0.000100000000
8644 8645,0.000100000000
8645 8646,0.000100000000
8646 8647,0.000100000000
8647 8648,0.000100000000
8648 8649,0.000100000000
