9549 9550,0.000100000000
955 956,0.000100000000
9550 9551,0.000100000000
9551 9552,0.000100000000
9552 9553,0.000100000000
9553 9554,0.000100000000
9554 9555,0.000100000000
9555 9556,0.000100000000
9556 9557,0.000100000000
9557 9558,0.000100000000
9558 9559,0.000100000000
9559 9560,0.000100000000
956 957,0.000100000000
9560 9561,0.000100000000
9561 9562,0.000100000000
9562 9563,0.000100000000
9563 9564,0.000100000000
9564 9565,0.000100000000
9565 9566,0.000100000000
9566 9567,0.000100000000
9567 9568,0.000100000000
9568 9569,0.000100000000
9569 9570,0.000100000000
957 958,0.000100000000
9570 9571,0.000100000000
9571 9572,0.000100000000
9572 9573,0.000100000000
9573 9574,0.000100000000
9574 9575,0.000100000000
9575 9576,0.000100000000
9576 9577,0.000100000000
9577 9578,0.000100000000
9578 9579,0.000100000000
9579 9580,0.000100000000
958 959,0.000100000000
9580 9581,0.000100000000
9581 9582,0.000100000000
9582 9583,0.000100000000
9583 9584,0.000100000000
9584 9585,0.000100000000
9585 9586,0.000100000000
9586 9587,0.000100000000
9587 9588,0.000100000000
9588 9589,0.000100000000
9589 9590,0.000100000000
959 960,0.000100000000
9590 9591,0.000100000000
9591 9592,0.000100000000
9592 9593,0.000100000000
9593 9594,0.000100000000
9594 9595,0.000100000000
9595 9596,0.000100000000
9596 9597,0.000100000000
9597 9598,0.000100000000
9598 9599,0.000100000000
9599 9600,0.000100000000
96 97,0.000100000000
960 961,0.000100000000
9600 9601,0.000100000000
9601 9602,0.000100000000
9602 9603,0.000100000000
9603 9604,0.000100000000
9604 9605,0.000100000000
9605 9606,0.000100000000
9606 9607,0.000100000000
9607 9608,0.000100000000
9608 9609,0.000100000000
9609 9610,0.000100000000
961 962,0.000100000000
9610 9611,0.000100000000
9611 9612,0.000100000000
9612 9613,0.000100000000
9613 9614,0.000100000000
9614 9615,0.000100000000
9615 9616,0.000100000000
9616 9617,0.000100000000
9617 9618,0.000100000000
9618 9619,0.000100000000
9619 9620,0.000100000000
962 963,0.000100000000
9620 9621,0.000100000000
9621 9622,0.000100000000
9622 9623,0.000100000000
9623 9624,0.000100000000
9624 9625,0.000100000000
9625 9626,0.000100000000
9626 9627,0.000100000000
9627 9628,0.000100000000
9628 9629,0.000100000000
9629 9630,0.000100000000
963 964,0.000100000000
9630 9631,0.000100000000
9631 9632,0.000100000000
9632 9633,0.000100000000
9633 9634,0.000100000000
9634 9635,0.000100000000
9635 9636,0.000100000000
9636 9637,0.000100000000
9637 9638,0.000100000000
9638 9639,0.000100000000
9639 9640,0.000100000000
964 965,0.000100000000
9640 9641,0.000100000000
9641 9642,0.000100000000
9642 9643,0.000100000000
9643 9644,0.000100000000
9644 9645,0.000100000000
9645 9646,0.000100000000
9646 9647,0.000100000000
9647 9648,0.000100000000
9648 9649,0.000100000000
9649 9650,0.000100000000
965 966,0.000100000000
9650 9651,0.000100000000
9651 9652,0.000100000000
9652 9653,0.000100000000
9653 9654,0.000100000000
9654 9655,0.000100000000
9655 9656,0.000100000000
9656 9657,0.000100000000
9657 9658,0.000100000000
9658 9659,0.000100000000
9659 9660,0.000100000000
966 967,0.000100000000
9660 9661,0.000100000000
9661 9662,0.000100000000
9662 9663,0.000100000000
9663 9664,0.000100000000
9664 9665,0.000100000000
9665 9666,0.000100000000
9666 9667,0.000100000000
9667 9668,0.000100000000
9668 9669,0.000100000000
9669 9670,0.000100000000
967 968,0.000100000000
9670 9671,0.000100000000
9671 9672,0.000100000000
9672 9673,0.000100000000
9673 9674,0.000100000000
9674 9675,0.000100000000
9675 9676,0.000100000000
9676 9677,0.000100000000
9677 9678,0.000100000000
9678 9679,0.000100000000
9679 9680,0.000100000000
968 969,0.000100000000
9680 9681,0.000100000000
9681 9682,0.000100000000
9682 9683,0.000100000000
9683 9684,0.000100000000
9684 9685,0.000100000000
9685 9686,0.000100000000
9686 9687,0.000100000000
9687 9688,0.000100000000
9688 9689,0.000100000000
9689 9690,0.000100000000
969 970,0.000100000000
9690 9691,0.000100000000
9691 9692,0.000100000000
9692 9693,0.000100000000
9693 9694,0.000100000000
9694 9695,0.000100000000
9695 9696,0.000100000000
9696 9697,0.000100000000
9697 9698,0.000100000000
9698 9699,0.000100000000
9699 9700,0.000100000000
97 98,0.000100000000
970 971,0.000100000000
9700 9701,0.000100000000
9701 9702,0.000100000000
9702 9703,0.000100000000
9703 9704,0.000100000000
9704 9705,0.000100000000
9705 9706,0.000100000000
9706 9707,0.000100000000
9707 9708,0.000100000000
9708 9709,0.000100000000
9709 9710,0.000100000000
971 972,0.000100000000
9710 9711,0.000100000000
9711 9712,0.000100000000
9712 9713,0.000100000000
9713 9714,0.000100000000
9714 9715,0.000100000000
9715 9716,0.000100000000
9716 9717,0.000100000000
9717 9718,0.000100000000
9718 9719,0.000100000000
9719 9720,0.000100000000
972 973,0.000100000000
9720 9721,0.000100000000
9721 9722,0.000100000000
9722 9723,0.000100000000
9723 9724,0.000100000000
9724 9725,0.000100000000
9725 9726,0.000100000000
9726 9727,0.000100000000
9727 9728,0.000100000000
9728 9729,0.000100000000
9729 9730,0.000100000000
973 974,0.000100000000
9730 9731,0.000100000000
9731 9732,0.000100000000
9732 9733,0.000100000000
9733 9734,0.000100000000
9734 9735,0.000100000000
9735 9736,0.000100000000
9736 9737,0.000100000000
9737 9738,0.000100000000
9738 9739,0.000100000000
9739 9740,0.000100000000
974 975,0.000100000000
9740 9741,0.000100000000
9741 9742,0.000100000000
9742 9743,0.000100000000
9743 9744,0.000100000000
9744 9745,0.000100000000
9745 9746,0.000100000000
9746 9747,0.000100000000
9747 9748,0.000100000000
9748 9749,0.000100000000
9749 9750,0.000100000000
975 976,0.000100000000
9750 9751,0.000100000000
9751 9752,0.000100000000
9752 9753,0.000100000000
9753 9754,0.000100000000
9754 9755,0.000100000000
9755 9756,0.000100000000
9756 9757,0.000100000000
9757 9758,0.000100000000
9758 9759,0.000100000000
9759 9760,0.000100000000
976 977,0.000100000000
9760 9761,0.000100000000
9761 9762,0.000100000000
9762 9763,0.000100000000
9763 9764,0.000100000000
9764 9765,0.000100000000
9765 9766,0.000100000000
9766 9767,0.000100000000
9767 9768,0.000100000000
9768 9769,0.000100000000
9769 9770,0.000100000000
977 978,0.000100000000
9770 9771,0.000100000000
9771 9772,0.000100000000
9772 9773,0.000100000000
9773 9774,0.000100000000
9774 9775,0.000100000000
9775 9776,0.000100000000
9776 9777,0.000100000000
9777 9778,0.000100000000
9778 9779,0.000100000000
9779 9780,0.000100000000
978 979,0.000100000000
9780 9781,0.000100000000
9781 9782,0.000100000000
9782 9783,0.000100000000
9783 9784,0.000100000000
9784 9785,0.000100000000
9785 9786,0.000100000000
9786 9787,0.000100000000
9787 9788,0.000100000000
9788 9789,0.000100000000
9789 9790,0.000100000000
979 980,0.000100000000
9790 9791,0.000100000000
9791 9792,0.000100000000
9792 9793,0.000100000000
9793 9794,0.000100000000
9794 9795,0.000100000000
9795 9796,0.000100000000
9796 9797,0.000100000000
9797 9798,0.000100000000
9798 9799,0.000100000000
9799 9800,0.000100000000
98 99,0.000100000000
980 981,0.000100000000
9800 9801,0.000100000000
9801 9802,0.000100000000
9802 9803,0.000100000000
9803 9804,0.000100000000
9804 9805,0.000100000000
9805 9806,0.000100000000
9806 9807,0.000100000000
9807 9808,0.000100000000
9808 9809,0.000100000000
9809 9810,0.000100000000
981 982,0.000100000000
9810 9811,0.000100000000
9811 9812,0.000100000000
9812 9813,0.000100000000
9813 9814,0.000100000000
9814 9815,0.000100000000
9815 9816,0.000100000000
9816 9817,0.000100000000
9817 9818,0.000100000000
9818 9819,0.000100000000
9819 9820,0.000100000000
982 983,0.000100000000
9820 9821,0.000100000000
9821 9822,0.000100000000
9822 9823,0.000100000000
9823 9824,0.000100000000
9824 9825,0.000100000000
9825 9826,0.000100000000
9826 9827,0.000100000000
9827 9828,0.000100000000
9828 9829,0.000100000000
9829 9830,0.000100000000
983 984,0.000100000000
9830 9831,0.000100000000
9831 9832,0.000100000000
9832 9833,0.000100000000
9833 9834,0.000100000000
9834 9835,0.000100000000
9835 9836,0.000100000000
9836 9837,0.000100000000
9837 9838,0.000100000000
9838 9839,0.000100000000
9839 9840,0.000100000000
984 985,0.000100000000
9840 9841,0.000100000000
9841 9842,0.000100000000
9842 9843,0.000100000000
9843 9844,0.000100000000
9844 9845,0.000100000000
9845 9846,0.000100000000
9846 9847,0.000100000000
9847 9848,0.000100000000
9848 9849,0.000100000000
9849 9850,0.000100000000
985 986,0.000100000000
9850 9851,0.000100000000
9851 9852,0.000100000000
9852 9853,0.000100000000
9853 9854,0.000100000000
9854 9855,0.000100000000
9855 9856,0.000100000000
9856 9857,0.000100000000
9857 9858,0.000100000000
9858 9859,0.000100000000
9859 9860,0.000100000000
986 987,0.000100000000
9860 9861,0.000100000000
9861 9862,0.000100000000
9862 9863,0.000100000000
9863 9864,0.000100000000
9864 9865,0.000100000000
9865 9866,0.000100000000
9866 9867,0.000100000000
9867 9868,0.000100000000
9868 9869,0.000100000000
9869 9870,0.000100000000
987 988,0.000100000000
9870 9871,0.000100000000
9871 9872,0.000100000000
9872 9873,0.000100000000
9873 9874,0.000100000000
9874 9875,0.000100000000
9875 9876,0.000100000000
9876 9877,0.000100000000
9877 9878,0.000100000000
9878 9879,0.000100000000
9879 9880,0.000100000000
988 989,0.000100000000
9880 9881,0.000100000000
9881 9882,0.000100000000
9882 9883,0.000100000000
9883 9884,0.000100000000
9884 9885,0.000100000000
9885 9886,0.000100000000
9886 9887,0.000100000000
9887 9888,0.000100000000
9888 9889,0.000100000000
9889 9890,0.000100000000
989 990,0.000100000000
9890 9891,0.000100000000
9891 9892,0.000100000000
9892 9893,0.000100000000
9893 9894,0.000100000000
9894 9895,0.000100000000
9895 9896,0.000100000000
9896 9897,0.000100000000
9897 9898,0.000100000000
9898 9899,0.000100000000
9899 9900,0.000100000000
99 100,0.000100000000
990 991,0.000100000000
9900 9901,0.000100000000
9901 9902,0.000100000000
9902 9903,0.000100000000
9903 9904,0.000100000000
9904 9905,0.000100000000
9905 9906,0.000100000000
9906 9907,0.000100000000
9907 9908,0.000100000000
9908 9909,0.000100000000
9909 9910,0.000100000000
991 992,0.000100000000
9910 9911,0.000100000000
9911 9912,0.000100000000
9912 9913,0.000100000000
9913 9914,0.000100000000
9914 9915,0.000100000000
9915 9916,0.000100000000
9916 9917,0.000100000000
9917 9918,0.000100000000
9918 9919,0.000100000000
9919 9920,0.000100000000
992 993,0.000100000000
9920 9921,0.000100000000
9921 9922,0.000100000000
9922 9923,0.000100000000
9923 9924,0.000100000000
9924 9925,0.000100000000
9925 9926,0.000100000000
9926 9927,0.000100000000
9927 9928,0.000100000000
9928 9929,0.000100000000
9929 9930,0.000100000000
993 994,0.000100000000
9930 9931,0.000100000000
9931 9932,0.000100000000
9932 9933,0.000100000000
9933 9934,0.000100000000
9934 9935,0.000100000000
9935 9936,0.000100000000
9936 9937,0.000100000000
9937 9938,0.000100000000
9938 9939,0.000100000000
9939 9940,0.000100000000
994 995,0.000100000000
9940 9941,0.000100000000
9941 9942,0.000100000000
9942 9943,0.000100000000
9943 9944,0.000100000000
9944 9945,0.000100000000
9945 9946,0.000100000000
9946 9947,0.000100000000
9947 9948,0.000100000000
9948 9949,0.000100000000
9949 9950,0.000100000000
995 996,0.000100000000
9950 9951,0.000100000000
9951 9952,0.000100000000
9952 9953,0.000100000000
9953 9954,0.000100000000
9954 9955,0.000100000000
9955 9956,0.000100000000
9956 9957,0.000100000000
9957 9958,0.000100000000
9958 9959,0.000100000000
9959 9960,0.000100000000
996 997,0.000100000000
9960 9961,0.000100000000
9961 9962,0.000100000000
9962 9963,0.000100000000
9963 9964,0.000100000000
9964 9965,0.000100000000
9965 9966,0.000100000000
9966 9967,0.000100000000
9967 9968,0.000100000000
9968 9969,0.000100000000
9969 9970,0.000100000000
997 998,0.000100000000
9970 9971,0.000100000000
9971 9972,0.000100000000
9972 9973,0.000100000000
9973 9974,0.000100000000
9974 9975,0.000100000000
9975 9976,0.000100000000
9976 9977,0.000100000000
9977 9978,0.000100000000
9978 9979,0.000100000000
9979 9980,0.000100000000
998 999,0.000100000000
9980 9981,0.000100000000
9981 9982,0.000100000000
9982 9983,0.000100000000
9983 9984,0.000100000000
9984 9985,0.000100000000
9985 9986,0.000100000000
9986 9987,0.000100000000
9987 9988,0.000100000000
9988 9989,0.000100000000
9989 9990,0.000100000000
999 1000,0.000100000000
9990 9991,0.000100000000
9991 9992,0.000100000000
9992 9993,0.000100000000
9993 9994,0.000100000000
9994 9995,0.000100000000
9995 9996,0.000100000000
9996 9997,0.000100000000
9997 9998,0.000100000000
9998 9999,0.000100000000
9999 10000,0.000100000000
