4599 4600,0.000100000000
46 47,0.000100000000
460 461,0.000100000000
4600 4601,0.000100000000
4601 4602,0.000100000000
4602 4603,0.000100000000
4603 4604,0.000100000000
4604 4605,0.000100000000
4605 4606,0.000100000000
4606 4607,0.000100000000
4607 4608,0.000100000000
4608 4609,0.000100000000
4609 4610,0.000100000000
461 462,0.000100000000
4610 4611,0.000100000000
4611 4612,0.000100000000
4612 4613,0.000100000000
4613 4614,0.000100000000
4614 4615,0.000100000000
4615 4616,0.000100000000
4616 4617,0.000100000000
4617 4618,0.000100000000
4618 4619,0.000100000000
4619 4620,0.000100000000
462 463,0.000100000000
4620 4621,0.000100000000
4621 4622,0.000100000000
4622 4623,0.000100000000
4623 4624,0.000100000000
4624 4625,0.000100000000
4625 4626,0.000100000000
4626 4627,0.000100000000
4627 4628,0.000100000000
4628 4629,0.000100000000
4629 4630,0.000100000000
463 464,0.000100000000
4630 4631,0.000100000000
4631 4632,0.000100000000
4632 4633,0.000100000000
4633 4634,0.000100000000
4634 4635,0.000100000000
4635 4636,0.000100000000
4636 4637,0.000100000000
4637 4638,0.000100000000
4638 4639,0.000100000000
4639 4640,0.000100000000
464 465,0.000100000000
4640 4641,0.000100000000
4641 4642,0.000100000000
4642 4643,0.000100000000
4643 4644,0.000100000000
4644 4645,0.000100000000
4645 4646,0.000100000000
4646 4647,0.000100000000
4647 4648,0.000100000000
4648 4649,0.000100000000
4649 4650,0.000100000000
465 466,0.000100000000
4650 4651,0.000100000000
4651 4652,0.000100000000
4652 4653,0.000100000000
4653 4654,0.000100000000
4654 4655,0.000100000000
4655 4656,0.000100000000
4656 4657,0.000100000000
4657 4658,0.000100000000
4658 4659,0.000100000000
4659 4660,0.000100000000
466 467,0.000100000000
4660 4661,0.000100000000
4661 4662,0.000100000000
4662 4663,0.000100000000
4663 4664,0.000100000000
4664 4665,0.000100000000
4665 4666,0.000100000000
4666 4667,0.000100000000
4667 4668,0.000100000000
4668 4669,0.000100000000
4669 4670,0.000100000000
467 468,0.000100000000
4670 4671,0.000100000000
4671 4672,0.000100000000
4672 4673,0.000100000000
4673 4674,0.000100000000
4674 4675,0.000100000000
4675 4676,0.000100000000
4676 4677,0.000100000000
4677 4678,0.000100000000
4678 4679,0.000100000000
4679 4680,0.000100000000
468 469,0.000100000000
4680 4681,0.000100000000
4681 4682,0.000100000000
4682 4683,0.000100000000
4683 4684,0.000100000000
4684 4685,0.000100000000
4685 4686,0.000100000000
4686 4687,0.000100000000
4687 4688,0.000100000000
4688 4689,0.000100000000
4689 4690,0.000100000000
469 470,0.000100000000
4690 4691,0.000100000000
4691 4692,0.000100000000
4692 4693,0.000100000000
4693 4694,0.000100000000
4694 4695,0.000100000000
4695 4696,0.000100000000
4696 4697,0.000100000000
4697 4698,0.000100000000
4698 4699,0.000100000000
4699 4700,0.000100000000
47 48,0.000100000000
470 471,0.000100000000
4700 4701,0.000100000000
4701 4702,0.000100000000
4702 4703,0.000100000000
4703 4704,0.000100000000
4704 4705,0.000100000000
4705 4706,0.000100000000
4706 4707,0.000100000000
4707 4708,0.000100000000
4708 4709,0.000100000000
4709 4710,0.000100000000
471 472,0.000100000000
4710 4711,0.000100000000
4711 4712,0.000100000000
4712 4713,0.000100000000
4713 4714,0.000100000000
4714 4715,0.000100000000
4715 4716,0.000100000000
4716 4717,0.000100000000
4717 4718,0.000100000000
4718 4719,0.000100000000
4719 4720,0.000100000000
472 473,0.000100000000
4720 4721,0.000100000000
4721 4722,0.000100000000
4722 4723,0.000100000000
4723 4724,0.000100000000
4724 4725,0.000100000000
4725 4726,0.000100000000
4726 4727,0.000100000000
4727 4728,0.000100000000
4728 4729,0.000100000000
4729 4730,0.000100000000
473 474,0.000100000000
4730 4731,0.000100000000
4731 4732,0.000100000000
4732 4733,0.000100000000
4733 4734,0.000100000000
4734 4735,0.000100000000
4735 4736,0.000100000000
4736 4737,0.000100000000
4737 4738,0.000100000000
4738 4739,0.000100000000
4739 4740,0.000100000000
474 475,0.000100000000
4740 4741,0.000100000000
4741 4742,0.000100000000
4742 4743,0.000100000000
4743 4744,0.000100000000
4744 4745,0.000100000000
4745 4746,0.000100000000
4746 4747,0.000100000000
4747 4748,0.000100000000
4748 4749,0.000100000000
4749 4750,0.000100000000
475 476,0.000100000000
4750 4751,0.000100000000
4751 4752,0.000100000000
4752 4753,0.000100000000
4753 4754,0.000100000000
4754 4755,0.000100000000
4755 4756,0.000100000000
4756 4757,0.000100000000
4757 4758,0.000100000000
4758 4759,0.000100000000
4759 4760,0.000100000000
476 477,0.000100000000
4760 4761,0.000100000000
4761 4762,0.000100000000
4762 4763,0.000100000000
4763 4764,0.000100000000
4764 4765,0.000100000000
4765 4766,0.000100000000
4766 4767,0.000100000000
4767 4768,0.000100000000
4768 4769,0.000100000000
4769 4770,0.000100000000
477 478,0.000100000000
4770 4771,0.000100000000
4771 4772,0.000100000000
4772 4773,0.000100000000
4773 4774,0.000100000000
4774 4775,0.000100000000
4775 4776,0.000100000000
4776 4777,0.000100000000
4777 4778,0.000100000000
4778 4779,0.000100000000
4779 4780,0.000100000000
478 479,0.000100000000
4780 4781,0.000100000000
4781 4782,0.000100000000
4782 4783,0.000100000000
4783 4784,0.000100000000
4784 4785,0.000100000000
4785 4786,0.000100000000
4786 4787,0.000100000000
4787 4788,0.000100000000
4788 4789,0.000100000000
4789 4790,0.000100000000
479 480,0.000100000000
4790 4791,0.000100000000
4791 4792,0.000100000000
4792 4793,0.000100000000
4793 4794,0.000100000000
4794 4795,0.000100000000
4795 4796,0.000100000000
4796 4797,0.000100000000
4797 4798,0.000100000000
4798 4799,0.000100000000
4799 4800,0.000100000000
48 49,0.000100000000
480 481,0.000100000000
4800 4801,0.000100000000
4801 4802,0.000100000000
4802 4803,0.000100000000
4803 4804,0.000100000000
4804 4805,0.000100000000
4805 4806,0.000100000000
4806 4807,0.000100000000
4807 4808,0.000100000000
4808 4809,0.000100000000
4809 4810,0.000100000000
481 482,0.000100000000
4810 4811,0.000100000000
4811 4812,0.000100000000
4812 4813,0.000100000000
4813 4814,0.000100000000
4814 4815,0.000100000000
4815 4816,0.000100000000
4816 4817,0.000100000000
4817 4818,0.000100000000
4818 4819,0.000100000000
4819 4820,0.000100000000
482 483,0.000100000000
4820 4821,0.000100000000
4821 4822,0.000100000000
4822 4823,0.000100000000
4823 4824,0.000100000000
4824 4825,0.000100000000
4825 4826,0.000100000000
4826 4827,0.000100000000
4827 4828,0.000100000000
4828 4829,0.000100000000
4829 4830,0.000100000000
483 484,0.000100000000
4830 4831,0.000100000000
4831 4832,0.000100000000
4832 4833,0.000100000000
4833 4834,0.000100000000
4834 4835,0.000100000000
4835 4836,0.000100000000
4836 4837,0.000100000000
4837 4838,0.000100000000
4838 4839,0.000100000000
4839 4840,0.000100000000
484 485,0.000100000000
4840 4841,0.000100000000
4841 4842,0.000100000000
4842 4843,0.000100000000
4843 4844,0.000100000000
4844 4845,0.000100000000
4845 4846,0.000100000000
4846 4847,0.000100000000
4847 4848,0.000100000000
4848 4849,0.000100000000
4849 4850,0.000100000000
485 486,0.000100000000
4850 4851,0.000100000000
4851 4852,0.000100000000
4852 4853,0.000100000000
4853 4854,0.000100000000
4854 4855,0.000100000000
4855 4856,0.000100000000
4856 4857,0.000100000000
4857 4858,0.000100000000
4858 4859,0.000100000000
4859 4860,0.000100000000
486 487,0.000100000000
4860 4861,0.000100000000
4861 4862,0.000100000000
4862 4863,0.000100000000
4863 4864,0.000100000000
4864 4865,0.000100000000
4865 4866,0.000100000000
4866 4867,0.000100000000
4867 4868,0.000100000000
4868 4869,0.000100000000
4869 4870,0.000100000000
487 488,0.000100000000
4870 4871,0.000100000000
4871 4872,0.000100000000
4872 4873,0.000100000000
4873 4874,0.000100000000
4874 4875,0.000100000000
4875 4876,0.000100000000
4876 4877,0.000100000000
4877 4878,0.000100000000
4878 4879,0.000100000000
4879 4880,0.000100000000
488 489,0.000100000000
4880 4881,0.000100000000
4881 4882,0.000100000000
4882 4883,0.000100000000
4883 4884,0.000100000000
4884 4885,0.000100000000
4885 4886,0.000100000000
4886 4887,0.000100000000
4887 4888,0.000100000000
4888 4889,0.000100000000
4889 4890,0.000100000000
489 490,0.000100000000
4890 4891,0.000100000000
4891 4892,0.000100000000
4892 4893,0.000100000000
4893 4894,0.000100000000
4894 4895,0.000100000000
4895 4896,0.000100000000
4896 4897,0.000100000000
4897 4898,0.000100000000
4898 4899,0.000100000000
4899 4900,0.000100000000
49 50,0.000100000000
490 491,0.000100000000
4900 4901,0.000100000000
4901 4902,0.000100000000
4902 4903,0.000100000000
4903 4904,0.000100000000
4904 4905,0.000100000000
4905 4906,0.000100000000
4906 4907,0.000100000000
4907 4908,0.000100000000
4908 4909,0.000100000000
4909 4910,0.000100000000
491 492,0.000100000000
4910 4911,0.000100000000
4911 4912,0.000100000000
4912 4913,0.000100000000
4913 4914,0.000100000000
4914 4915,0.000100000000
4915 4916,0.000100000000
4916 4917,0.000100000000
4917 4918,0.000100000000
4918 4919,0.000100000000
4919 4920,0.000100000000
492 493,0.000100000000
4920 4921,0.000100000000
4921 4922,0.000100000000
4922 4923,0.000100000000
4923 4924,0.000100000000
4924 4925,0.000100000000
4925 4926,0.000100000000
4926 4927,0.000100000000
4927 4928,0.000100000000
4928 4929,0.000100000000
4929 4930,0.000100000000
493 494,0.000100000000
4930 4931,0.000100000000
4931 4932,0.000100000000
4932 4933,0.000100000000
4933 4934,0.000100000000
4934 4935,0.000100000000
4935 4936,0.000100000000
4936 4937,0.000100000000
4937 4938,0.000100000000
4938 4939,0.000100000000
4939 4940,0.000100000000
494 495,0.000100000000
4940 4941,0.000100000000
4941 4942,0.000100000000
4942 4943,0.000100000000
4943 4944,0.000100000000
4944 4945,0.000100000000
4945 4946,0.000100000000
4946 4947,0.000100000000
4947 4948,0.000100000000
4948 4949,0.000100000000
4949 4950,0.000100000000
495 496,0.000100000000
4950 4951,0.000100000000
4951 4952,0.000100000000
4952 4953,0.000100000000
4953 4954,0.000100000000
4954 4955,0.000100000000
4955 4956,0.000100000000
4956 4957,0.000100000000
4957 4958,0.000100000000
4958 4959,0.000100000000
4959 4960,0.000100000000
496 497,0.000100000000
4960 4961,0.000100000000
4961 4962,0.000100000000
4962 4963,0.000100000000
4963 4964,0.000100000000
4964 4965,0.000100000000
4965 4966,0.000100000000
4966 4967,0.000100000000
4967 4968,0.000100000000
4968 4969,0.000100000000
4969 4970,0.000100000000
497 498,0.000100000000
4970 4971,0.000100000000
4971 4972,0.000100000000
4972 4973,0.000100000000
4973 4974,0.000100000000
4974 4975,0.000100000000
4975 4976,0.000100000000
4976 4977,0.000100000000
4977 4978,0.000100000000
4978 4979,0.000100000000
4979 4980,0.000100000000
498 499,0.000100000000
4980 4981,0.000100000000
4981 4982,0.000100000000
4982 4983,0.000100000000
4983 4984,0.000100000000
4984 4985,0.000100000000
4985 4986,0.000100000000
4986 4987,0.000100000000
4987 4988,0.000100000000
4988 4989,0.000100000000
4989 4990,0.000100000000
499 500,0.000100000000
4990 4991,0.000100000000
4991 4992,0.000100000000
4992 4993,0.000100000000
4993 4994,0.000100000000
4994 4995,0.000100000000
4995 4996,0.000100000000
4996 4997,0.000100000000
4997 4998,0.000100000000
4998 4999,0.000100000000
4999 5000,0.000100000000
5 6,0.000055629469
50 51,0.000100000000
500 501,0.000100000000
5000 5001,0.000100000000
5001 5002,0.000100000000
5002 5003,0.000100000000
5003 5004,0.000100000000
5004 5005,0.000100000000
5005 5006,0.000100000000
5006 5007,0.000100000000
5007 5008,0.000100000000
5008 5009,0.000100000000
5009 5010,0.000100000000
501 502,0.000100000000
5010 5011,0.000100000000
5011 5012,0.000100000000
5012 5013,0.000100000000
5013 5014,0.000100000000
5014 5015,0.000100000000
5015 5016,0.000100000000
5016 5017,0.000100000000
5017 5018,0.000100000000
5018 5019,0.000100000000
5019 5020,0.000100000000
502 503,0.000100000000
5020 5021,0.000100000000
5021 5022,0.000100000000
5022 5023,0.000100000000
5023 5024,0.000100000000
5024 5025,0.000100000000
5025 5026,0.000100000000
5026 5027,0.000100000000
5027 5028,0.000100000000
5028 5029,0.000100000000
5029 5030,0.000100000000
503 504,0.000100000000
5030 5031,0.000100000000
5031 5032,0.000100000000
5032 5033,0.000100000000
5033 5034,0.000100000000
5034 5035,0.000100000000
5035 5036,0.000100000000
5036 5037,0.000100000000
5037 5038,0.000100000000
5038 5039,0.000100000000
5039 5040,0.000100000000
504 505,0.000100000000
5040 5041,0.000100000000
5041 5042,0.000100000000
5042 5043,0.000100000000
5043 5044,0.000100000000
5044 5045,0.000100000000
5045 5046,0.000100000000
5046 5047,0.000100000000
5047 5048,0.000100000000
