7749 7750,0.000100000000
775 776,0.000100000000
7750 7751,0.000100000000
7751 7752,0.000100000000
7752 7753,0.000100000000
7753 7754,0.000100000000
7754 7755,0.000100000000
7755 7756,0.000100000000
7756 7757,0.000100000000
7757 7758,0.000100000000
7758 7759,0.000100000000
7759 7760,0.000100000000
776 777,0.000100000000
7760 7761,0.000100000000
7761 7762,0.000100000000
7762 7763,0.000100000000
7763 7764,0.000100000000
7764 7765,0.000100000000
7765 7766,0.000100000000
7766 7767,0.000100000000
7767 7768,0.000100000000
7768 7769,0.000100000000
7769 7770,0.000100000000
777 778,0.000100000000
7770 7771,0.000100000000
7771 7772,0.000100000000
7772 7773,0.000100000000
7773 7774,0.000100000000
7774 7775,0.000100000000
7775 7776,0.000100000000
7776 7777,0.000100000000
7777 7778,0.000100000000
7778 7779,0.000100000000
7779 7780,0.000100000000
778 779,0.000100000000
7780 7781,0.000100000000
7781 7782,0.000100000000
7782 7783,0.000100000000
7783 7784,0.000100000000
7784 7785,0.000100000000
7785 7786,0.000100000000
7786 7787,0.000100000000
7787 7788,0.000100000000
7788 7789,0.000100000000
7789 7790,0.000100000000
779 780,0.000100000000
7790 7791,0.000100000000
7791 7792,0.000100000000
7792 7793,0.000100000000
7793 7794,0.000100000000
7794 7795,0.000100000000
7795 7796,0.000100000000
7796 7797,0.000100000000
7797 7798,0.000100000000
7798 7799,0.000100000000
7799 7800,0.000100000000
78 79,0.000100000000
780 781,0.000100000000
7800 7801,0.000100000000
7801 7802,0.000100000000
7802 7803,0.000100000000
7803 7804,0.000100000000
7804 7805,0.000100000000
7805 7806,0.000100000000
7806 7807,0.000100000000
7807 7808,0.000100000000
7808 7809,0.000100000000
7809 7810,0.000100000000
781 782,0.000100000000
7810 7811,0.000100000000
7811 7812,0.000100000000
7812 7813,0.000100000000
7813 7814,0.000100000000
7814 7815,0.000100000000
7815 7816,0.000100000000
7816 7817,0.000100000000
7817 7818,0.000100000000
7818 7819,0.000100000000
7819 7820,0.000100000000
782 783,0.000100000000
7820 7821,0.000100000000
7821 7822,0.000100000000
7822 7823,0.000100000000
7823 7824,0.000100000000
7824 7825,0.000100000000
7825 7826,0.000100000000
7826 7827,0.000100000000
7827 7828,0.000100000000
7828 7829,0.000100000000
7829 7830,0.000100000000
783 784,0.000100000000
7830 7831,0.000100000000
7831 7832,0.000100000000
7832 7833,0.000100000000
7833 7834,0.000100000000
7834 7835,0.000100000000
7835 7836,0.000100000000
7836 7837,0.000100000000
7837 7838,0.000100000000
7838 7839,0.000100000000
7839 7840,0.000100000000
784 785,0.000100000000
7840 7841,0.000100000000
7841 7842,0.000100000000
7842 7843,0.000100000000
7843 7844,0.000100000000
7844 7845,0.000100000000
7845 7846,0.000100000000
7846 7847,0.000100000000
7847 7848,0.000100000000
7848 7849,0.000100000000
7849 7850,0.000100000000
785 786,0.000100000000
7850 7851,0.000100000000
7851 7852,0.000100000000
7852 7853,0.000100000000
7853 7854,0.000100000000
7854 7855,0.000100000000
7855 7856,0.000100000000
7856 7857,0.000100000000
7857 7858,0.000100000000
7858 7859,0.000100000000
7859 7860,0.000100000000
786 787,0.000100000000
7860 7861,0.000100000000
7861 7862,0.000100000000
7862 7863,0.000100000000
7863 7864,0.000100000000
7864 7865,0.000100000000
7865 7866,0.000100000000
7866 7867,0.000100000000
7867 7868,0.000100000000
7868 7869,0.000100000000
7869 7870,0.000100000000
787 788,0.000100000000
7870 7871,0.000100000000
7871 7872,0.000100000000
7872 7873,0.000100000000
7873 7874,0.000100000000
7874 7875,0.000100000000
7875 7876,0.000100000000
7876 7877,0.000100000000
7877 7878,0.000100000000
7878 7879,0.000100000000
7879 7880,0.000100000000
788 789,0.000100000000
7880 7881,0.000100000000
7881 7882,0.000100000000
7882 7883,0.000100000000
7883 7884,0.000100000000
7884 7885,0.000100000000
7885 7886,0.000100000000
7886 7887,0.000100000000
7887 7888,0.000100000000
7888 7889,0.000100000000
7889 7890,0.000100000000
789 790,0.000100000000
7890 7891,0.000100000000
7891 7892,0.000100000000
7892 7893,0.000100000000
7893 7894,0.000100000000
7894 7895,0.000100000000
7895 7896,0.000100000000
7896 7897,0.000100000000
7897 7898,0.000100000000
7898 7899,0.000100000000
7899 7900,0.000100000000
79 80,0.000100000000
790 791,0.000100000000
7900 7901,0.000100000000
7901 7902,0.000100000000
7902 7903,0.000100000000
7903 7904,0.000100000000
7904 7905,0.000100000000
7905 7906,0.000100000000
7906 7907,0.000100000000
7907 7908,0.000100000000
7908 7909,0.000100000000
7909 7910,0.000100000000
791 792,0.000100000000
7910 7911,0.000100000000
7911 7912,0.000100000000
7912 7913,0.000100000000
7913 7914,0.000100000000
7914 7915,0.000100000000
7915 7916,0.000100000000
7916 7917,0.000100000000
7917 7918,0.000100000000
7918 7919,0.000100000000
7919 7920,0.000100000000
792 793,0.000100000000
7920 7921,0.000100000000
7921 7922,0.000100000000
7922 7923,0.000100000000
7923 7924,0.000100000000
7924 7925,0.000100000000
7925 7926,0.000100000000
7926 7927,0.000100000000
7927 7928,0.000100000000
7928 7929,0.000100000000
7929 7930,0.000100000000
793 794,0.000100000000
7930 7931,0.000100000000
7931 7932,0.000100000000
7932 7933,0.000100000000
7933 7934,0.000100000000
7934 7935,0.000100000000
7935 7936,0.000100000000
7936 7937,0.000100000000
7937 7938,0.000100000000
7938 7939,0.000100000000
7939 7940,0.000100000000
794 795,0.000100000000
7940 7941,0.000100000000
7941 7942,0.000100000000
7942 7943,0.000100000000
7943 7944,0.000100000000
7944 7945,0.000100000000
7945 7946,0.000100000000
7946 7947,0.000100000000
7947 7948,0.000100000000
7948 7949,0.000100000000
7949 7950,0.000100000000
795 796,0.000100000000
7950 7951,0.000100000000
7951 7952,0.000100000000
7952 7953,0.000100000000
7953 7954,0.000100000000
7954 7955,0.000100000000
7955 7956,0.000100000000
7956 7957,0.000100000000
7957 7958,0.000100000000
7958 7959,0.000100000000
7959 7960,0.000100000000
796 797,0.000100000000
7960 7961,0.000100000000
7961 7962,0.000100000000
7962 7963,0.000100000000
7963 7964,0.000100000000
7964 7965,0.000100000000
7965 7966,0.000100000000
7966 7967,0.000100000000
7967 7968,0.000100000000
7968 7969,0.000100000000
7969 7970,0.000100000000
797 798,0.000100000000
7970 7971,0.000100000000
7971 7972,0.000100000000
7972 7973,0.000100000000
7973 7974,0.000100000000
7974 7975,0.000100000000
7975 7976,0.000100000000
7976 7977,0.000100000000
7977 7978,0.000100000000
7978 7979,0.000100000000
7979 7980,0.000100000000
798 799,0.000100000000
7980 7981,0.000100000000
7981 7982,0.000100000000
7982 7983,0.000100000000
7983 7984,0.000100000000
7984 7985,0.000100000000
7985 7986,0.000100000000
7986 7987,0.000100000000
7987 7988,0.000100000000
7988 7989,0.000100000000
7989 7990,0.000100000000
799 800,0.000100000000
7990 7991,0.000100000000
7991 7992,0.000100000000
7992 7993,0.000100000000
7993 7994,0.000100000000
7994 7995,0.000100000000
7995 7996,0.000100000000
7996 7997,0.000100000000
7997 7998,0.000100000000
7998 7999,0.000100000000
7999 8000,0.000100000000
8 9,0.000072750948
80 81,0.000100000000
800 801,0.000100000000
8000 8001,0.000100000000
8001 8002,0.000100000000
8002 8003,0.000100000000
8003 8004,0.000100000000
8004 8005,0.000100000000
8005 8006,0.000100000000
8006 8007,0.000100000000
8007 8008,0.000100000000
8008 8009,0.000100000000
8009 8010,0.000100000000
801 802,0.000100000000
8010 8011,0.000100000000
8011 8012,0.000100000000
8012 8013,0.000100000000
8013 8014,0.000100000000
8014 8015,0.000100000000
8015 8016,0.000100000000
8016 8017,0.000100000000
8017 8018,0.000100000000
8018 8019,0.000100000000
8019 8020,0.000100000000
802 803,0.000100000000
8020 8021,0.000100000000
8021 8022,0.000100000000
8022 8023,0.000100000000
8023 8024,0.000100000000
8024 8025,0.000100000000
8025 8026,0.000100000000
8026 8027,0.000100000000
8027 8028,0.000100000000
8028 8029,0.000100000000
8029 8030,0.000100000000
803 804,0.000100000000
8030 8031,0.000100000000
8031 8032,0.000100000000
8032 8033,0.000100000000
8033 8034,0.000100000000
8034 8035,0.000100000000
8035 8036,0.000100000000
8036 8037,0.000100000000
8037 8038,0.000100000000
8038 8039,0.000100000000
8039 8040,0.000100000000
804 805,0.000100000000
8040 8041,0.000100000000
8041 8042,0.000100000000
8042 8043,0.000100000000
8043 8044,0.000100000000
8044 8045,0.000100000000
8045 8046,0.000100000000
8046 8047,0.000100000000
8047 8048,0.000100000000
8048 8049,0.000100000000
8049 8050,0.000100000000
805 806,0.000100000000
8050 8051,0.000100000000
8051 8052,0.000100000000
8052 8053,0.000100000000
8053 8054,0.000100000000
8054 8055,0.000100000000
8055 8056,0.000100000000
8056 8057,0.000100000000
8057 8058,0.000100000000
8058 8059,0.000100000000
8059 8060,0.000100000000
806 807,0.000100000000
8060 8061,0.000100000000
8061 8062,0.000100000000
8062 8063,0.000100000000
8063 8064,0.000100000000
8064 8065,0.000100000000
8065 8066,0.000100000000
8066 8067,0.000100000000
8067 8068,0.000100000000
8068 8069,0.000100000000
8069 8070,0.000100000000
807 808,0.000100000000
8070 8071,0.000100000000
8071 8072,0.000100000000
8072 8073,0.000100000000
8073 8074,0.000100000000
8074 8075,0.000100000000
8075 8076,0.000100000000
8076 8077,0.000100000000
8077 8078,0.000100000000
8078 8079,0.000100000000
8079 8080,0.000100000000
808 809,0.000100000000
8080 8081,0.000100000000
8081 8082,0.000100000000
8082 8083,0.000100000000
8083 8084,0.000100000000
8084 8085,0.000100000000
8085 8086,0.000100000000
8086 8087,0.000100000000
8087 8088,0.000100000000
8088 8089,0.000100000000
8089 8090,0.000100000000
809 810,0.000100000000
8090 8091,0.000100000000
8091 8092,0.000100000000
8092 8093,0.000100000000
8093 8094,0.000100000000
8094 8095,0.000100000000
8095 8096,0.000100000000
8096 8097,0.000100000000
8097 8098,0.000100000000
8098 8099,0.000100000000
8099 8100,0.000100000000
81 82,0.000100000000
810 811,0.000100000000
8100 8101,0.000100000000
8101 8102,0.000100000000
8102 8103,0.000100000000
8103 8104,0.000100000000
8104 8105,0.000100000000
8105 8106,0.000100000000
8106 8107,0.000100000000
8107 8108,0.000100000000
8108 8109,0.000100000000
8109 8110,0.000100000000
811 812,0.000100000000
8110 8111,0.000100000000
8111 8112,0.000100000000
8112 8113,0.000100000000
8113 8114,0.000100000000
8114 8115,0.000100000000
8115 8116,0.000100000000
8116 8117,0.000100000000
8117 8118,0.000100000000
8118 8119,0.000100000000
8119 8120,0.000100000000
812 813,0.000100000000
8120 8121,0.000100000000
8121 8122,0.000100000000
8122 8123,0.000100000000
8123 8124,0.000100000000
8124 8125,0.000100000000
8125 8126,0.000100000000
8126 8127,0.000100000000
8127 8128,0.000100000000
8128 8129,0.000100000000
8129 8130,0.000100000000
813 814,0.000100000000
8130 8131,0.000100000000
8131 8132,0.000100000000
8132 8133,0.000100000000
8133 8134,0.000100000000
8134 8135,0.000100000000
8135 8136,0.000100000000
8136 8137,0.000100000000
8137 8138,0.000100000000
8138 8139,0.000100000000
8139 8140,0.000100000000
814 815,0.000100000000
8140 8141,0.000100000000
8141 8142,0.000100000000
8142 8143,0.000100000000
8143 8144,0.000100000000
8144 8145,0.000100000000
8145 8146,0.000100000000
8146 8147,0.000100000000
8147 8148,0.000100000000
8148 8149,0.000100000000
8149 8150,0.000100000000
815 816,0.000100000000
8150 8151,0.000100000000
8151 8152,0.000100000000
8152 8153,0.000100000000
8153 8154,0.000100000000
8154 8155,0.000100000000
8155 8156,0.000100000000
8156 8157,0.000100000000
8157 8158,0.000100000000
8158 8159,0.000100000000
8159 8160,0.000100000000
816 817,0.000100000000
8160 8161,0.000100000000
8161 8162,0.000100000000
8162 8163,0.000100000000
8163 8164,0.000100000000
8164 8165,0.000100000000
8165 8166,0.000100000000
8166 8167,0.000100000000
8167 8168,0.000100000000
8168 8169,0.000100000000
8169 8170,0.000100000000
817 818,0.000100000000
8170 8171,0.000100000000
8171 8172,0.000100000000
8172 8173,0.000100000000
8173 8174,0.000100000000
8174 8175,0.000100000000
8175 8176,0.000100000000
8176 8177,0.000100000000
8177 8178,0.000100000000
8178 8179,0.000100000000
8179 8180,0.000100000000
818 819,0.000100000000
8180 8181,0.000100000000
8181 8182,0.000100000000
8182 8183,0.000100000000
8183 8184,0.000100000000
8184 8185,0.000100000000
8185 8186,0.000100000000
8186 8187,0.000100000000
8187 8188,0.000100000000
8188 8189,0.000100000000
8189 8190,0.000100000000
819 820,0.000100000000
8190 8191,0.000100000000
8191 8192,0.000100000000
8192 8193,0.000100000000
8193 8194,0.000100000000
8194 8195,0.000100000000
8195 8196,0.000100000000
8196 8197,0.000100000000
8197 8198,0.000100000000
8198 8199,0.000100000000
