5949 5950,0.000100000000
595 596,0.000100000000
5950 5951,0.000100000000
5951 5952,0.000100000000
5952 5953,0.000100000000
5953 5954,0.000100000000
5954 5955,0.000100000000
5955 5956,0.000100000000
5956 5957,0.000100000000
5957 5958,0.000100000000
5958 5959,0.000100000000
5959 5960,0.000100000000
596 597,0.000100000000
5960 5961,0.000100000000
5961 5962,0.000100000000
5962 5963,0.000100000000
5963 5964,0.000100000000
5964 5965,0.000100000000
5965 5966,0.000100000000
5966 5967,0.000100000000
5967 5968,0.000100000000
5968 5969,0.000100000000
5969 5970,0.000100000000
597 598,0.000100000000
5970 5971,0.000100000000
5971 5972,0.000100000000
5972 5973,0.000100000000
5973 5974,0.000100000000
5974 5975,0.000100000000
5975 5976,0.000100000000
5976 5977,0.000100000000
5977 5978,0.000100000000
5978 5979,0.000100000000
5979 5980,0.000100000000
598 599,0.000100000000
5980 5981,0.000100000000
5981 5982,0.000100000000
5982 5983,0.000100000000
5983 5984,0.000100000000
5984 5985,0.000100000000
5985 5986,0.000100000000
5986 5987,0.000100000000
5987 5988,0.000100000000
5988 5989,0.000100000000
5989 5990,0.000100000000
599 600,0.000100000000
5990 5991,0.000100000000
5991 5992,0.000100000000
5992 5993,0.000100000000
5993 5994,0.000100000000
5994 5995,0.000100000000
5995 5996,0.000100000000
5996 5997,0.000100000000
5997 5998,0.000100000000
5998 5999,0.000100000000
5999 6000,0.000100000000
6 7,0.000062285049
60 61,0.000100000000
600 601,0.000100000000
6000 6001,0.000100000000
6001 6002,0.000100000000
6002 6003,0.000100000000
6003 6004,0.000100000000
6004 6005,0.000100000000
6005 6006,0.000100000000
6006 6007,0.000100000000
6007 6008,0.000100000000
6008 6009,0.000100000000
6009 6010,0.000100000000
601 602,0.000100000000
6010 6011,0.000100000000
6011 6012,0.000100000000
6012 6013,0.000100000000
6013 6014,0.000100000000
6014 6015,0.000100000000
6015 6016,0.000100000000
6016 6017,0.000100000000
6017 6018,0.000100000000
6018 6019,0.000100000000
6019 6020,0.000100000000
602 603,0.000100000000
6020 6021,0.000100000000
6021 6022,0.000100000000
6022 6023,0.000100000000
6023 6024,0.000100000000
6024 6025,0.000100000000
6025 6026,0.000100000000
6026 6027,0.000100000000
6027 6028,0.000100000000
6028 6029,0.000100000000
6029 6030,0.000100000000
603 604,0.000100000000
6030 6031,0.000100000000
6031 6032,0.000100000000
6032 6033,0.000100000000
6033 6034,0.000100000000
6034 6035,0.000100000000
6035 6036,0.000100000000
6036 6037,0.000100000000
6037 6038,0.000100000000
6038 6039,0.000100000000
6039 6040,0.000100000000
604 605,0.000100000000
6040 6041,0.000100000000
6041 6042,0.000100000000
6042 6043,0.000100000000
6043 6044,0.000100000000
6044 6045,0.000100000000
6045 6046,0.000100000000
6046 6047,0.000100000000
6047 6048,0.000100000000
6048 6049,0.000100000000
6049 6050,0.000100000000
605 606,0.000100000000
6050 6051,0.000100000000
6051 6052,0.000100000000
6052 6053,0.000100000000
6053 6054,0.000100000000
6054 6055,0.000100000000
6055 6056,0.000100000000
6056 6057,0.000100000000
6057 6058,0.000100000000
6058 6059,0.000100000000
6059 6060,0.000100000000
606 607,0.000100000000
6060 6061,0.000100000000
6061 6062,0.000100000000
6062 6063,0.000100000000
6063 6064,0.000100000000
6064 6065,0.000100000000
6065 6066,0.000100000000
6066 6067,0.000100000000
6067 6068,0.000100000000
6068 6069,0.000100000000
6069 6070,0.000100000000
607 608,0.000100000000
6070 6071,0.000100000000
6071 6072,0.000100000000
6072 6073,0.000100000000
6073 6074,0.000100000000
6074 6075,0.000100000000
6075 6076,0.000100000000
6076 6077,0.000100000000
6077 6078,0.000100000000
6078 6079,0.000100000000
6079 6080,0.000100000000
608 609,0.000100000000
6080 6081,0.000100000000
6081 6082,0.000100000000
6082 6083,0.000100000000
6083 6084,0.000100000000
6084 6085,0.000100000000
6085 6086,0.000100000000
6086 6087,0.000100000000
6087 6088,0.000100000000
6088 6089,0.000100000000
6089 6090,0.000100000000
609 610,0.000100000000
6090 6091,0.000100000000
6091 6092,0.000100000000
6092 6093,0.000100000000
6093 6094,0.000100000000
6094 6095,0.000100000000
6095 6096,0.000100000000
6096 6097,0.000100000000
6097 6098,0.000100000000
6098 6099,0.000100000000
6099 6100,0.000100000000
61 62,0.000100000000
610 611,0.000100000000
6100 6101,0.000100000000
6101 6102,0.000100000000
6102 6103,0.000100000000
6103 6104,0.000100000000
6104 6105,0.000100000000
6105 6106,0.000100000000
6106 6107,0.000100000000
6107 6108,0.000100000000
6108 6109,0.000100000000
6109 6110,0.000100000000
611 612,0.000100000000
6110 6111,0.000100000000
6111 6112,0.000100000000
6112 6113,0.000100000000
6113 6114,0.000100000000
6114 6115,0.000100000000
6115 6116,0.000100000000
6116 6117,0.000100000000
6117 6118,0.000100000000
6118 6119,0.000100000000
6119 6120,0.000100000000
612 613,0.000100000000
6120 6121,0.000100000000
6121 6122,0.000100000000
6122 6123,0.000100000000
6123 6124,0.000100000000
6124 6125,0.000100000000
6125 6126,0.000100000000
6126 6127,0.000100000000
6127 6128,0.000100000000
6128 6129,0.000100000000
6129 6130,0.000100000000
613 614,0.000100000000
6130 6131,0.000100000000
6131 6132,0.000100000000
6132 6133,0.000100000000
6133 6134,0.000100000000
6134 6135,0.000100000000
6135 6136,0.000100000000
6136 6137,0.000100000000
6137 6138,0.000100000000
6138 6139,0.000100000000
6139 6140,0.000100000000
614 615,0.000100000000
6140 6141,0.000100000000
6141 6142,0.000100000000
6142 6143,0.000100000000
6143 6144,0.000100000000
6144 6145,0.000100000000
6145 6146,0.000100000000
6146 6147,0.000100000000
6147 6148,0.000100000000
6148 6149,0.000100000000
6149 6150,0.000100000000
615 616,0.000100000000
6150 6151,0.000100000000
6151 6152,0.000100000000
6152 6153,0.000100000000
6153 6154,0.000100000000
6154 6155,0.000100000000
6155 6156,0.000100000000
6156 6157,0.000100000000
6157 6158,0.000100000000
6158 6159,0.000100000000
6159 6160,0.000100000000
616 617,0.000100000000
6160 6161,0.000100000000
6161 6162,0.000100000000
6162 6163,0.000100000000
6163 6164,0.000100000000
6164 6165,0.000100000000
6165 6166,0.000100000000
6166 6167,0.000100000000
6167 6168,0.000100000000
6168 6169,0.000100000000
6169 6170,0.000100000000
617 618,0.000100000000
6170 6171,0.000100000000
6171 6172,0.000100000000
6172 6173,0.000100000000
6173 6174,0.000100000000
6174 6175,0.000100000000
6175 6176,0.000100000000
6176 6177,0.000100000000
6177 6178,0.000100000000
6178 6179,0.000100000000
6179 6180,0.000100000000
618 619,0.000100000000
6180 6181,0.000100000000
6181 6182,0.000100000000
6182 6183,0.000100000000
6183 6184,0.000100000000
6184 6185,0.000100000000
6185 6186,0.000100000000
6186 6187,0.000100000000
6187 6188,0.000100000000
6188 6189,0.000100000000
6189 6190,0.000100000000
619 620,0.000100000000
6190 6191,0.000100000000
6191 6192,0.000100000000
6192 6193,0.000100000000
6193 6194,0.000100000000
6194 6195,0.000100000000
6195 6196,0.000100000000
6196 6197,0.000100000000
6197 6198,0.000100000000
6198 6199,0.000100000000
6199 6200,0.000100000000
62 63,0.000100000000
620 621,0.000100000000
6200 6201,0.000100000000
6201 6202,0.000100000000
6202 6203,0.000100000000
6203 6204,0.000100000000
6204 6205,0.000100000000
6205 6206,0.000100000000
6206 6207,0.000100000000
6207 6208,0.000100000000
6208 6209,0.000100000000
6209 6210,0.000100000000
621 622,0.000100000000
6210 6211,0.000100000000
6211 6212,0.000100000000
6212 6213,0.000100000000
6213 6214,0.000100000000
6214 6215,0.000100000000
6215 6216,0.000100000000
6216 6217,0.000100000000
6217 6218,0.000100000000
6218 6219,0.000100000000
6219 6220,0.000100000000
622 623,0.000100000000
6220 6221,0.000100000000
6221 6222,0.000100000000
6222 6223,0.000100000000
6223 6224,0.000100000000
6224 6225,0.000100000000
6225 6226,0.000100000000
6226 6227,0.000100000000
6227 6228,0.000100000000
6228 6229,0.000100000000
6229 6230,0.000100000000
623 624,0.000100000000
6230 6231,0.000100000000
6231 6232,0.000100000000
6232 6233,0.000100000000
6233 6234,0.000100000000
6234 6235,0.000100000000
6235 6236,0.000100000000
6236 6237,0.000100000000
6237 6238,0.000100000000
6238 6239,0.000100000000
6239 6240,0.000100000000
624 625,0.000100000000
6240 6241,0.000100000000
6241 6242,0.000100000000
6242 6243,0.000100000000
6243 6244,0.000100000000
6244 6245,0.000100000000
6245 6246,0.000100000000
6246 6247,0.000100000000
6247 6248,0.000100000000
6248 6249,0.000100000000
6249 6250,0.000100000000
625 626,0.000100000000
6250 6251,0.000100000000
6251 6252,0.000100000000
6252 6253,0.000100000000
6253 6254,0.000100000000
6254 6255,0.000100000000
6255 6256,0.000100000000
6256 6257,0.000100000000
6257 6258,0.000100000000
6258 6259,0.000100000000
6259 6260,0.000100000000
626 627,0.000100000000
6260 6261,0.000100000000
6261 6262,0.000100000000
6262 6263,0.000100000000
6263 6264,0.000100000000
6264 6265,0.000100000000
6265 6266,0.000100000000
6266 6267,0.000100000000
6267 6268,0.000100000000
6268 6269,0.000100000000
6269 6270,0.000100000000
627 628,0.000100000000
6270 6271,0.000100000000
6271 6272,0.000100000000
6272 6273,0.000100000000
6273 6274,0.000100000000
6274 6275,0.000100000000
6275 6276,0.000100000000
6276 6277,0.000100000000
6277 6278,0.000100000000
6278 6279,0.000100000000
6279 6280,0.000100000000
628 629,0.000100000000
6280 6281,0.000100000000
6281 6282,0.000100000000
6282 6283,0.000100000000
6283 6284,0.000100000000
6284 6285,0.000100000000
6285 6286,0.000100000000
6286 6287,0.000100000000
6287 6288,0.000100000000
6288 6289,0.000100000000
6289 6290,0.000100000000
629 630,0.000100000000
6290 6291,0.000100000000
6291 6292,0.000100000000
6292 6293,0.000100000000
6293 6294,0.000100000000
6294 6295,0.000100000000
6295 6296,0.000100000000
6296 6297,0.000100000000
6297 6298,0.000100000000
6298 6299,0.000100000000
6299 6300,0.000100000000
63 64,0.000100000000
630 631,0.000100000000
6300 6301,0.000100000000
6301 6302,0.000100000000
6302 6303,0.000100000000
6303 6304,0.000100000000
6304 6305,0.000100000000
6305 6306,0.000100000000
6306 6307,0.000100000000
6307 6308,0.000100000000
6308 6309,0.000100000000
6309 6310,0.000100000000
631 632,0.000100000000
6310 6311,0.000100000000
6311 6312,0.000100000000
6312 6313,0.000100000000
6313 6314,0.000100000000
6314 6315,0.000100000000
6315 6316,0.000100000000
6316 6317,0.000100000000
6317 6318,0.000100000000
6318 6319,0.000100000000
6319 6320,0.000100000000
632 633,0.000100000000
6320 6321,0.000100000000
6321 6322,0.000100000000
6322 6323,0.000100000000
6323 6324,0.000100000000
6324 6325,0.000100000000
6325 6326,0.000100000000
6326 6327,0.000100000000
6327 6328,0.000100000000
6328 6329,0.000100000000
6329 6330,0.000100000000
633 634,0.000100000000
6330 6331,0.000100000000
6331 6332,0.000100000000
6332 6333,0.000100000000
6333 6334,0.000100000000
6334 6335,0.000100000000
6335 6336,0.000100000000
6336 6337,0.000100000000
6337 6338,0.000100000000
6338 6339,0.000100000000
6339 6340,0.000100000000
634 635,0.000100000000
6340 6341,0.000100000000
6341 6342,0.000100000000
6342 6343,0.000100000000
6343 6344,0.000100000000
6344 6345,0.000100000000
6345 6346,0.000100000000
6346 6347,0.000100000000
6347 6348,0.000100000000
6348 6349,0.000100000000
6349 6350,0.000100000000
635 636,0.000100000000
6350 6351,0.000100000000
6351 6352,0.000100000000
6352 6353,0.000100000000
6353 6354,0.000100000000
6354 6355,0.000100000000
6355 6356,0.000100000000
6356 6357,0.000100000000
6357 6358,0.000100000000
6358 6359,0.000100000000
6359 6360,0.000100000000
636 637,0.000100000000
6360 6361,0.000100000000
6361 6362,0.000100000000
6362 6363,0.000100000000
6363 6364,0.000100000000
6364 6365,0.000100000000
6365 6366,0.000100000000
6366 6367,0.000100000000
6367 6368,0.000100000000
6368 6369,0.000100000000
6369 6370,0.000100000000
637 638,0.000100000000
6370 6371,0.000100000000
6371 6372,0.000100000000
6372 6373,0.000100000000
6373 6374,0.000100000000
6374 6375,0.000100000000
6375 6376,0.000100000000
6376 6377,0.000100000000
6377 6378,0.000100000000
6378 6379,0.000100000000
6379 6380,0.000100000000
638 639,0.000100000000
6380 6381,0.000100000000
6381 6382,0.000100000000
6382 6383,0.000100000000
6383 6384,0.000100000000
6384 6385,0.000100000000
6385 6386,0.000100000000
6386 6387,0.000100000000
6387 6388,0.000100000000
6388 6389,0.000100000000
6389 6390,0.000100000000
639 640,0.000100000000
6390 6391,0.000100000000
6391 6392,0.000100000000
6392 6393,0.000100000000
6393 6394,0.000100000000
6394 6395,0.000100000000
6395 6396,0.000100000000
6396 6397,0.000100000000
6397 6398,0.000100000000
6398 6399,0.000100000000
