7299 7300,0.000100000000
73 74,0.000100000000
730 731,0.000100000000
7300 7301,0.000100000000
7301 7302,0.000100000000
7302 7303,0.000100000000
7303 7304,0.000100000000
7304 7305,0.000100000000
7305 7306,0.000100000000
7306 7307,0.000100000000
7307 7308,0.000100000000
7308 7309,0.000100000000
7309 7310,0.000100000000
731 732,0.000100000000
7310 7311,0.000100000000
7311 7312,0.000100000000
7312 7313,0.000100000000
7313 7314,0.000100000000
7314 7315,0.000100000000
7315 7316,0.000100000000
7316 7317,0.000100000000
7317 7318,0.000100000000
7318 7319,0.000100000000
7319 7320,0.000100000000
732 733,0.000100000000
7320 7321,0.000100000000
7321 7322,0.000100000000
7322 7323,0.000100000000
7323 7324,0.000100000000
7324 7325,0.000100000000
7325 7326,0.000100000000
7326 7327,0.000100000000
7327 7328,0.000100000000
7328 7329,0.000100000000
7329 7330,0.000100000000
733 734,0.000100000000
7330 7331,0.000100000000
7331 7332,0.000100000000
7332 7333,0.000100000000
7333 7334,0.000100000000
7334 7335,0.000100000000
7335 7336,0.000100000000
7336 7337,0.000100000000
7337 7338,0.000100000000
7338 7339,0.000100000000
7339 7340,0.000100000000
734 735,0.000100000000
7340 7341,0.000100000000
7341 7342,0.000100000000
7342 7343,0.000100000000
7343 7344,0.000100000000
7344 7345,0.000100000000
7345 7346,0.000100000000
7346 7347,0.000100000000
7347 7348,0.000100000000
7348 7349,0.000100000000
7349 7350,0.000100000000
735 736,0.000100000000
7350 7351,0.000100000000
7351 7352,0.000100000000
7352 7353,0.000100000000
7353 7354,0.000100000000
7354 7355,0.000100000000
7355 7356,0.000100000000
7356 7357,0.000100000000
7357 7358,0.000100000000
7358 7359,0.000100000000
7359 7360,0.000100000000
736 737,0.000100000000
7360 7361,0.000100000000
7361 7362,0.000100000000
7362 7363,0.000100000000
7363 7364,0.000100000000
7364 7365,0.000100000000
7365 7366,0.000100000000
7366 7367,0.000100000000
7367 7368,0.000100000000
7368 7369,0.000100000000
7369 7370,0.000100000000
737 738,0.000100000000
7370 7371,0.000100000000
7371 7372,0.000100000000
7372 7373,0.000100000000
7373 7374,0.000100000000
7374 7375,0.000100000000
7375 7376,0.000100000000
7376 7377,0.000100000000
7377 7378,0.000100000000
7378 7379,0.000100000000
7379 7380,0.000100000000
738 739,0.000100000000
7380 7381,0.000100000000
7381 7382,0.000100000000
7382 7383,0.000100000000
7383 7384,0.000100000000
7384 7385,0.000100000000
7385 7386,0.000100000000
7386 7387,0.000100000000
7387 7388,0.000100000000
7388 7389,0.000100000000
7389 7390,0.000100000000
739 740,0.000100000000
7390 7391,0.000100000000
7391 7392,0.000100000000
7392 7393,0.000100000000
7393 7394,0.000100000000
7394 7395,0.000100000000
7395 7396,0.000100000000
7396 7397,0.000100000000
7397 7398,0.000100000000
7398 7399,0.000100000000
7399 7400,0.000100000000
74 75,0.000100000000
740 741,0.000100000000
7400 7401,0.000100000000
7401 7402,0.000100000000
7402 7403,0.000100000000
7403 7404,0.000100000000
7404 7405,0.000100000000
7405 7406,0.000100000000
7406 7407,0.000100000000
7407 7408,0.000100000000
7408 7409,0.000100000000
7409 7410,0.000100000000
741 742,0.000100000000
7410 7411,0.000100000000
7411 7412,0.000100000000
7412 7413,0.000100000000
7413 7414,0.000100000000
7414 7415,0.000100000000
7415 7416,0.000100000000
7416 7417,0.000100000000
7417 7418,0.000100000000
7418 7419,0.000100000000
7419 7420,0.000100000000
742 743,0.000100000000
7420 7421,0.000100000000
7421 7422,0.000100000000
7422 7423,0.000100000000
7423 7424,0.000100000000
7424 7425,0.000100000000
7425 7426,0.000100000000
7426 7427,0.000100000000
7427 7428,0.000100000000
7428 7429,0.000100000000
7429 7430,0.000100000000
743 744,0.000100000000
7430 7431,0.000100000000
7431 7432,0.000100000000
7432 7433,0.000100000000
7433 7434,0.000100000000
7434 7435,0.000100000000
7435 7436,0.000100000000
7436 7437,0.000100000000
7437 7438,0.000100000000
7438 7439,0.000100000000
7439 7440,0.000100000000
744 745,0.000100000000
7440 7441,0.000100000000
7441 7442,0.000100000000
7442 7443,0.000100000000
7443 7444,0.000100000000
7444 7445,0.000100000000
7445 7446,0.000100000000
7446 7447,0.000100000000
7447 7448,0.000100000000
7448 7449,0.000100000000
7449 7450,0.000100000000
745 746,0.000100000000
7450 7451,0.000100000000
7451 7452,0.000100000000
7452 7453,0.000100000000
7453 7454,0.000100000000
7454 7455,0.000100000000
7455 7456,0.000100000000
7456 7457,0.000100000000
7457 7458,0.000100000000
7458 7459,0.000100000000
7459 7460,0.000100000000
746 747,0.000100000000
7460 7461,0.000100000000
7461 7462,0.000100000000
7462 7463,0.000100000000
7463 7464,0.000100000000
7464 7465,0.000100000000
7465 7466,0.000100000000
7466 7467,0.000100000000
7467 7468,0.000100000000
7468 7469,0.000100000000
7469 7470,0.000100000000
747 748,0.000100000000
7470 7471,0.000100000000
7471 7472,0.000100000000
7472 7473,0.000100000000
7473 7474,0.000100000000
7474 7475,0.000100000000
7475 7476,0.000100000000
7476 7477,0.000100000000
7477 7478,0.000100000000
7478 7479,0.000100000000
7479 7480,0.000100000000
748 749,0.000100000000
7480 7481,0.000100000000
7481 7482,0.000100000000
7482 7483,0.000100000000
7483 7484,0.000100000000
7484 7485,0.000100000000
7485 7486,0.000100000000
7486 7487,0.000100000000
7487 7488,0.000100000000
7488 7489,0.000100000000
7489 7490,0.000100000000
749 750,0.000100000000
7490 7491,0.000100000000
7491 7492,0.000100000000
7492 7493,0.000100000000
7493 7494,0.000100000000
7494 7495,0.000100000000
7495 7496,0.000100000000
7496 7497,0.000100000000
7497 7498,0.000100000000
7498 7499,0.000100000000
7499 7500,0.000100000000
75 76,0.000100000000
750 751,0.000100000000
7500 7501,0.000100000000
7501 7502,0.000100000000
7502 7503,0.000100000000
7503 7504,0.000100000000
7504 7505,0.000100000000
7505 7506,0.000100000000
7506 7507,0.000100000000
7507 7508,0.000100000000
7508 7509,0.000100000000
7509 7510,0.000100000000
751 752,0.000100000000
7510 7511,0.000100000000
7511 7512,0.000100000000
7512 7513,0.000100000000
7513 7514,0.000100000000
7514 7515,0.000100000000
7515 7516,0.000100000000
7516 7517,0.000100000000
7517 7518,0.000100000000
7518 7519,0.000100000000
7519 7520,0.000100000000
752 753,0.000100000000
7520 7521,0.000100000000
7521 7522,0.000100000000
7522 7523,0.000100000000
7523 7524,0.000100000000
7524 7525,0.000100000000
7525 7526,0.000100000000
7526 7527,0.000100000000
7527 7528,0.000100000000
7528 7529,0.000100000000
7529 7530,0.000100000000
753 754,0.000100000000
7530 7531,0.000100000000
7531 7532,0.000100000000
7532 7533,0.000100000000
7533 7534,0.000100000000
7534 7535,0.000100000000
7535 7536,0.000100000000
7536 7537,0.000100000000
7537 7538,0.000100000000
7538 7539,0.000100000000
7539 7540,0.000100000000
754 755,0.000100000000
7540 7541,0.000100000000
7541 7542,0.000100000000
7542 7543,0.000100000000
7543 7544,0.000100000000
7544 7545,0.000100000000
7545 7546,0.000100000000
7546 7547,0.000100000000
7547 7548,0.000100000000
7548 7549,0.000100000000
7549 7550,0.000100000000
755 756,0.000100000000
7550 7551,0.000100000000
7551 7552,0.000100000000
7552 7553,0.000100000000
7553 7554,0.000100000000
7554 7555,0.000100000000
7555 7556,0.000100000000
7556 7557,0.000100000000
7557 7558,0.000100000000
7558 7559,0.000100000000
7559 7560,0.000100000000
756 757,0.000100000000
7560 7561,0.000100000000
7561 7562,0.000100000000
7562 7563,0.000100000000
7563 7564,0.000100000000
7564 7565,0.000100000000
7565 7566,0.000100000000
7566 7567,0.000100000000
7567 7568,0.000100000000
7568 7569,0.000100000000
7569 7570,0.000100000000
757 758,0.000100000000
7570 7571,0.000100000000
7571 7572,0.000100000000
7572 7573,0.000100000000
7573 7574,0.000100000000
7574 7575,0.000100000000
7575 7576,0.000100000000
7576 7577,0.000100000000
7577 7578,0.000100000000
7578 7579,0.000100000000
7579 7580,0.000100000000
758 759,0.000100000000
7580 7581,0.000100000000
7581 7582,0.000100000000
7582 7583,0.000100000000
7583 7584,0.000100000000
7584 7585,0.000100000000
7585 7586,0.000100000000
7586 7587,0.000100000000
7587 7588,0.000100000000
7588 7589,0.000100000000
7589 7590,0.000100000000
759 760,0.000100000000
7590 7591,0.000100000000
7591 7592,0.000100000000
7592 7593,0.000100000000
7593 7594,0.000100000000
7594 7595,0.000100000000
7595 7596,0.000100000000
7596 7597,0.000100000000
7597 7598,0.000100000000
7598 7599,0.000100000000
7599 7600,0.000100000000
76 77,0.000100000000
760 761,0.000100000000
7600 7601,0.000100000000
7601 7602,0.000100000000
7602 7603,0.000100000000
7603 7604,0.000100000000
7604 7605,0.000100000000
7605 7606,0.000100000000
7606 7607,0.000100000000
7607 7608,0.000100000000
7608 7609,0.000100000000
7609 7610,0.000100000000
761 762,0.000100000000
7610 7611,0.000100000000
7611 7612,0.000100000000
7612 7613,0.000100000000
7613 7614,0.000100000000
7614 7615,0.000100000000
7615 7616,0.000100000000
7616 7617,0.000100000000
7617 7618,0.000100000000
7618 7619,0.000100000000
7619 7620,0.000100000000
762 763,0.000100000000
7620 7621,0.000100000000
7621 7622,0.000100000000
7622 7623,0.000100000000
7623 7624,0.000100000000
7624 7625,0.000100000000
7625 7626,0.000100000000
7626 7627,0.000100000000
7627 7628,0.000100000000
7628 7629,0.000100000000
7629 7630,0.000100000000
763 764,0.000100000000
7630 7631,0.000100000000
7631 7632,0.000100000000
7632 7633,0.000100000000
7633 7634,0.000100000000
7634 7635,0.000100000000
7635 7636,0.000100000000
7636 7637,0.000100000000
7637 7638,0.000100000000
7638 7639,0.000100000000
7639 7640,0.000100000000
764 765,0.000100000000
7640 7641,0.000100000000
7641 7642,0.000100000000
7642 7643,0.000100000000
7643 7644,0.000100000000
7644 7645,0.000100000000
7645 7646,0.000100000000
7646 7647,0.000100000000
7647 7648,0.000100000000
7648 7649,0.000100000000
7649 7650,0.000100000000
765 766,0.000100000000
7650 7651,0.000100000000
7651 7652,0.000100000000
7652 7653,0.000100000000
7653 7654,0.000100000000
7654 7655,0.000100000000
7655 7656,0.000100000000
7656 7657,0.000100000000
7657 7658,0.000100000000
7658 7659,0.000100000000
7659 7660,0.000100000000
766 767,0.000100000000
7660 7661,0.000100000000
7661 7662,0.000100000000
7662 7663,0.000100000000
7663 7664,0.000100000000
7664 7665,0.000100000000
7665 7666,0.000100000000
7666 7667,0.000100000000
7667 7668,0.000100000000
7668 7669,0.000100000000
7669 7670,0.000100000000
767 768,0.000100000000
7670 7671,0.000100000000
7671 7672,0.000100000000
7672 7673,0.000100000000
7673 7674,0.000100000000
7674 7675,0.000100000000
7675 7676,0.000100000000
7676 7677,0.000100000000
7677 7678,0.000100000000
7678 7679,0.000100000000
7679 7680,0.000100000000
768 769,0.000100000000
7680 7681,0.000100000000
7681 7682,0.000100000000
7682 7683,0.000100000000
7683 7684,0.000100000000
7684 7685,0.000100000000
7685 7686,0.000100000000
7686 7687,0.000100000000
7687 7688,0.000100000000
7688 7689,0.000100000000
7689 7690,0.000100000000
769 770,0.000100000000
7690 7691,0.000100000000
7691 7692,0.000100000000
7692 7693,0.000100000000
7693 7694,0.000100000000
7694 7695,0.000100000000
7695 7696,0.000100000000
7696 7697,0.000100000000
7697 7698,0.000100000000
7698 7699,0.000100000000
7699 7700,0.000100000000
77 78,0.000100000000
770 771,0.000100000000
7700 7701,0.000100000000
7701 7702,0.000100000000
7702 7703,0.000100000000
7703 7704,0.000100000000
7704 7705,0.000100000000
7705 7706,0.000100000000
7706 7707,0.000100000000
7707 7708,0.000100000000
7708 7709,0.000100000000
7709 7710,0.000100000000
771 772,0.000100000000
7710 7711,0.000100000000
7711 7712,0.000100000000
7712 7713,0.000100000000
7713 7714,0.000100000000
7714 7715,0.000100000000
7715 7716,0.000100000000
7716 7717,0.000100000000
7717 7718,0.000100000000
7718 7719,0.000100000000
7719 7720,0.000100000000
772 773,0.000100000000
7720 7721,0.000100000000
7721 7722,0.000100000000
7722 7723,0.000100000000
7723 7724,0.000100000000
7724 7725,0.000100000000
7725 7726,0.000100000000
7726 7727,0.000100000000
7727 7728,0.000100000000
7728 7729,0.000100000000
7729 7730,0.000100000000
773 774,0.000100000000
7730 7731,0.000100000000
7731 7732,0.000100000000
7732 7733,0.000100000000
7733 7734,0.000100000000
7734 7735,0.000100000000
7735 7736,0.000100000000
7736 7737,0.000100000000
7737 7738,0.000100000000
7738 7739,0.000100000000
7739 7740,0.000100000000
774 775,0.000100000000
7740 7741,0.000100000000
7741 7742,0.000100000000
7742 7743,0.000100000000
7743 7744,0.000100000000
7744 7745,0.000100000000
7745 7746,0.000100000000
7746 7747,0.000100000000
7747 7748,0.000100000000
7748 7749,0.000100000000
