4148 4149,0.000100000000
4149 4150,0.000100000000
415 416,0.000100000000
4150 4151,0.000100000000
4151 4152,0.000100000000
4152 4153,0.000100000000
4153 4154,0.000100000000
4154 4155,0.000100000000
4155 4156,0.000100000000
4156 4157,0.000100000000
4157 4158,0.000100000000
4158 4159,0.000100000000
4159 4160,0.000100000000
416 417,0.000100000000
4160 4161,0.000100000000
4161 4162,0.000100000000
4162 4163,0.000100000000
4163 4164,0.000100000000
4164 4165,0.000100000000
4165 4166,0.000100000000
4166 4167,0.000100000000
4167 4168,0.000100000000
4168 4169,0.000100000000
4169 4170,0.000100000000
417 418,0.000100000000
4170 4171,0.000100000000
4171 4172,0.000100000000
4172 4173,0.000100000000
4173 4174,0.000100000000
4174 4175,0.000100000000
4175 4176,0.000100000000
4176 4177,0.000100000000
4177 4178,0.000100000000
4178 4179,0.000100000000
4179 4180,0.000100000000
418 419,0.000100000000
4180 4181,0.000100000000
4181 4182,0.000100000000
4182 4183,0.000100000000
4183 4184,0.000100000000
4184 4185,0.000100000000
4185 4186,0.000100000000
4186 4187,0.000100000000
4187 4188,0.000100000000
4188 4189,0.000100000000
4189 4190,0.000100000000
419 420,0.000100000000
4190 4191,0.000100000000
4191 4192,0.000100000000
4192 4193,0.000100000000
4193 4194,0.000100000000
4194 4195,0.000100000000
4195 4196,0.000100000000
4196 4197,0.000100000000
4197 4198,0.000100000000
4198 4199,0.000100000000
4199 4200,0.000100000000
42 43,0.000100000000
420 421,0.000100000000
4200 4201,0.000100000000
4201 4202,0.000100000000
4202 4203,0.000100000000
4203 4204,0.000100000000
4204 4205,0.000100000000
4205 4206,0.000100000000
4206 4207,0.000100000000
4207 4208,0.000100000000
4208 4209,0.000100000000
4209 4210,0.000100000000
421 422,0.000100000000
4210 4211,0.000100000000
4211 4212,0.000100000000
4212 4213,0.000100000000
4213 4214,0.000100000000
4214 4215,0.000100000000
4215 4216,0.000100000000
4216 4217,0.000100000000
4217 4218,0.000100000000
4218 4219,0.000100000000
4219 4220,0.000100000000
422 423,0.000100000000
4220 4221,0.000100000000
4221 4222,0.000100000000
4222 4223,0.000100000000
4223 4224,0.000100000000
4224 4225,0.000100000000
4225 4226,0.000100000000
4226 4227,0.000100000000
4227 4228,0.000100000000
4228 4229,0.000100000000
4229 4230,0.000100000000
423 424,0.000100000000
4230 4231,0.000100000000
4231 4232,0.000100000000
4232 4233,0.000100000000
4233 4234,0.000100000000
4234 4235,0.000100000000
4235 4236,0.000100000000
4236 4237,0.000100000000
4237 4238,0.000100000000
4238 4239,0.000100000000
4239 4240,0.000100000000
424 425,0.000100000000
4240 4241,0.000100000000
4241 4242,0.000100000000
4242 4243,0.000100000000
4243 4244,0.000100000000
4244 4245,0.000100000000
4245 4246,0.000100000000
4246 4247,0.000100000000
4247 4248,0.000100000000
4248 4249,0.000100000000
4249 4250,0.000100000000
425 426,0.000100000000
4250 4251,0.000100000000
4251 4252,0.000100000000
4252 4253,0.000100000000
4253 4254,0.000100000000
4254 4255,0.000100000000
4255 4256,0.000100000000
4256 4257,0.000100000000
4257 4258,0.000100000000
4258 4259,0.000100000000
4259 4260,0.000100000000
426 427,0.000100000000
4260 4261,0.000100000000
4261 4262,0.000100000000
4262 4263,0.000100000000
4263 4264,0.000100000000
4264 4265,0.000100000000
4265 4266,0.000100000000
4266 4267,0.000100000000
4267 4268,0.000100000000
4268 4269,0.000100000000
4269 4270,0.000100000000
427 428,0.000100000000
4270 4271,0.000100000000
4271 4272,0.000100000000
4272 4273,0.000100000000
4273 4274,0.000100000000
4274 4275,0.000100000000
4275 4276,0.000100000000
4276 4277,0.000100000000
4277 4278,0.000100000000
4278 4279,0.000100000000
4279 4280,0.000100000000
428 429,0.000100000000
4280 4281,0.000100000000
4281 4282,0.000100000000
4282 4283,0.000100000000
4283 4284,0.000100000000
4284 4285,0.000100000000
4285 4286,0.000100000000
4286 4287,0.000100000000
4287 4288,0.000100000000
4288 4289,0.000100000000
4289 4290,0.000100000000
429 430,0.000100000000
4290 4291,0.000100000000
4291 4292,0.000100000000
4292 4293,0.000100000000
4293 4294,0.000100000000
4294 4295,0.000100000000
4295 4296,0.000100000000
4296 4297,0.000100000000
4297 4298,0.000100000000
4298 4299,0.000100000000
4299 4300,0.000100000000
43 44,0.000100000000
430 431,0.000100000000
4300 4301,0.000100000000
4301 4302,0.000100000000
4302 4303,0.000100000000
4303 4304,0.000100000000
4304 4305,0.000100000000
4305 4306,0.000100000000
4306 4307,0.000100000000
4307 4308,0.000100000000
4308 4309,0.000100000000
4309 4310,0.000100000000
431 432,0.000100000000
4310 4311,0.000100000000
4311 4312,0.000100000000
4312 4313,0.000100000000
4313 4314,0.000100000000
4314 4315,0.000100000000
4315 4316,0.000100000000
4316 4317,0.000100000000
4317 4318,0.000100000000
4318 4319,0.000100000000
4319 4320,0.000100000000
432 433,0.000100000000
4320 4321,0.000100000000
4321 4322,0.000100000000
4322 4323,0.000100000000
4323 4324,0.000100000000
4324 4325,0.000100000000
4325 4326,0.000100000000
4326 4327,0.000100000000
4327 4328,0.000100000000
4328 4329,0.000100000000
4329 4330,0.000100000000
433 434,0.000100000000
4330 4331,0.000100000000
4331 4332,0.000100000000
4332 4333,0.000100000000
4333 4334,0.000100000000
4334 4335,0.000100000000
4335 4336,0.000100000000
4336 4337,0.000100000000
4337 4338,0.000100000000
4338 4339,0.000100000000
4339 4340,0.000100000000
434 435,0.000100000000
4340 4341,0.000100000000
4341 4342,0.000100000000
4342 4343,0.000100000000
4343 4344,0.000100000000
4344 4345,0.000100000000
4345 4346,0.000100000000
4346 4347,0.000100000000
4347 4348,0.000100000000
4348 4349,0.000100000000
4349 4350,0.000100000000
435 436,0.000100000000
4350 4351,0.000100000000
4351 4352,0.000100000000
4352 4353,0.000100000000
4353 4354,0.000100000000
4354 4355,0.000100000000
4355 4356,0.000100000000
4356 4357,0.000100000000
4357 4358,0.000100000000
4358 4359,0.000100000000
4359 4360,0.000100000000
436 437,0.000100000000
4360 4361,0.000100000000
4361 4362,0.000100000000
4362 4363,0.000100000000
4363 4364,0.000100000000
4364 4365,0.000100000000
4365 4366,0.000100000000
4366 4367,0.000100000000
4367 4368,0.000100000000
4368 4369,0.000100000000
4369 4370,0.000100000000
437 438,0.000100000000
4370 4371,0.000100000000
4371 4372,0.000100000000
4372 4373,0.000100000000
4373 4374,0.000100000000
4374 4375,0.000100000000
4375 4376,0.000100000000
4376 4377,0.000100000000
4377 4378,0.000100000000
4378 4379,0.000100000000
4379 4380,0.000100000000
438 439,0.000100000000
4380 4381,0.000100000000
4381 4382,0.000100000000
4382 4383,0.000100000000
4383 4384,0.000100000000
4384 4385,0.000100000000
4385 4386,0.000100000000
4386 4387,0.000100000000
4387 4388,0.000100000000
4388 4389,0.000100000000
4389 4390,0.000100000000
439 440,0.000100000000
4390 4391,0.000100000000
4391 4392,0.000100000000
4392 4393,0.000100000000
4393 4394,0.000100000000
4394 4395,0.000100000000
4395 4396,0.000100000000
4396 4397,0.000100000000
4397 4398,0.000100000000
4398 4399,0.000100000000
4399 4400,0.000100000000
44 45,0.000100000000
440 441,0.000100000000
4400 4401,0.000100000000
4401 4402,0.000100000000
4402 4403,0.000100000000
4403 4404,0.000100000000
4404 4405,0.000100000000
4405 4406,0.000100000000
4406 4407,0.000100000000
4407 4408,0.000100000000
4408 4409,0.000100000000
4409 4410,0.000100000000
441 442,0.000100000000
4410 4411,0.000100000000
4411 4412,0.000100000000
4412 4413,0.000100000000
4413 4414,0.000100000000
4414 4415,0.000100000000
4415 4416,0.000100000000
4416 4417,0.000100000000
4417 4418,0.000100000000
4418 4419,0.000100000000
4419 4420,0.000100000000
442 443,0.000100000000
4420 4421,0.000100000000
4421 4422,0.000100000000
4422 4423,0.000100000000
4423 4424,0.000100000000
4424 4425,0.000100000000
4425 4426,0.000100000000
4426 4427,0.000100000000
4427 4428,0.000100000000
4428 4429,0.000100000000
4429 4430,0.000100000000
443 444,0.000100000000
4430 4431,0.000100000000
4431 4432,0.000100000000
4432 4433,0.000100000000
4433 4434,0.000100000000
4434 4435,0.000100000000
4435 4436,0.000100000000
4436 4437,0.000100000000
4437 4438,0.000100000000
4438 4439,0.000100000000
4439 4440,0.000100000000
444 445,0.000100000000
4440 4441,0.000100000000
4441 4442,0.000100000000
4442 4443,0.000100000000
4443 4444,0.000100000000
4444 4445,0.000100000000
4445 4446,0.000100000000
4446 4447,0.000100000000
4447 4448,0.000100000000
4448 4449,0.000100000000
4449 4450,0.000100000000
445 446,0.000100000000
4450 4451,0.000100000000
4451 4452,0.000100000000
4452 4453,0.000100000000
4453 4454,0.000100000000
4454 4455,0.000100000000
4455 4456,0.000100000000
4456 4457,0.000100000000
4457 4458,0.000100000000
4458 4459,0.000100000000
4459 4460,0.000100000000
446 447,0.000100000000
4460 4461,0.000100000000
4461 4462,0.000100000000
4462 4463,0.000100000000
4463 4464,0.000100000000
4464 4465,0.000100000000
4465 4466,0.000100000000
4466 4467,0.000100000000
4467 4468,0.000100000000
4468 4469,0.000100000000
4469 4470,0.000100000000
447 448,0.000100000000
4470 4471,0.000100000000
4471 4472,0.000100000000
4472 4473,0.000100000000
4473 4474,0.000100000000
4474 4475,0.000100000000
4475 4476,0.000100000000
4476 4477,0.000100000000
4477 4478,0.000100000000
4478 4479,0.000100000000
4479 4480,0.000100000000
448 449,0.000100000000
4480 4481,0.000100000000
4481 4482,0.000100000000
4482 4483,0.000100000000
4483 4484,0.000100000000
4484 4485,0.000100000000
4485 4486,0.000100000000
4486 4487,0.000100000000
4487 4488,0.000100000000
4488 4489,0.000100000000
4489 4490,0.000100000000
449 450,0.000100000000
4490 4491,0.000100000000
4491 4492,0.000100000000
4492 4493,0.000100000000
4493 4494,0.000100000000
4494 4495,0.000100000000
4495 4496,0.000100000000
4496 4497,0.000100000000
4497 4498,0.000100000000
4498 4499,0.000100000000
4499 4500,0.000100000000
45 46,0.000100000000
450 451,0.000100000000
4500 4501,0.000100000000
4501 4502,0.000100000000
4502 4503,0.000100000000
4503 4504,0.000100000000
4504 4505,0.000100000000
4505 4506,0.000100000000
4506 4507,0.000100000000
4507 4508,0.000100000000
4508 4509,0.000100000000
4509 4510,0.000100000000
451 452,0.000100000000
4510 4511,0.000100000000
4511 4512,0.000100000000
4512 4513,0.000100000000
4513 4514,0.000100000000
4514 4515,0.000100000000
4515 4516,0.000100000000
4516 4517,0.000100000000
4517 4518,0.000100000000
4518 4519,0.000100000000
4519 4520,0.000100000000
452 453,0.000100000000
4520 4521,0.000100000000
4521 4522,0.000100000000
4522 4523,0.000100000000
4523 4524,0.000100000000
4524 4525,0.000100000000
4525 4526,0.000100000000
4526 4527,0.000100000000
4527 4528,0.000100000000
4528 4529,0.000100000000
4529 4530,0.000100000000
453 454,0.000100000000
4530 4531,0.000100000000
4531 4532,0.000100000000
4532 4533,0.000100000000
4533 4534,0.000100000000
4534 4535,0.000100000000
4535 4536,0.000100000000
4536 4537,0.000100000000
4537 4538,0.000100000000
4538 4539,0.000100000000
4539 4540,0.000100000000
454 455,0.000100000000
4540 4541,0.000100000000
4541 4542,0.000100000000
4542 4543,0.000100000000
4543 4544,0.000100000000
4544 4545,0.000100000000
4545 4546,0.000100000000
4546 4547,0.000100000000
4547 4548,0.000100000000
4548 4549,0.000100000000
4549 4550,0.000100000000
455 456,0.000100000000
4550 4551,0.000100000000
4551 4552,0.000100000000
4552 4553,0.000100000000
4553 4554,0.000100000000
4554 4555,0.000100000000
4555 4556,0.000100000000
4556 4557,0.000100000000
4557 4558,0.000100000000
4558 4559,0.000100000000
4559 4560,0.000100000000
456 457,0.000100000000
4560 4561,0.000100000000
4561 4562,0.000100000000
4562 4563,0.000100000000
4563 4564,0.000100000000
4564 4565,0.000100000000
4565 4566,0.000100000000
4566 4567,0.000100000000
4567 4568,0.000100000000
4568 4569,0.000100000000
4569 4570,0.000100000000
457 458,0.000100000000
4570 4571,0.000100000000
4571 4572,0.000100000000
4572 4573,0.000100000000
4573 4574,0.000100000000
4574 4575,0.000100000000
4575 4576,0.000100000000
4576 4577,0.000100000000
4577 4578,0.000100000000
4578 4579,0.000100000000
4579 4580,0.000100000000
458 459,0.000100000000
4580 4581,0.000100000000
4581 4582,0.000100000000
4582 4583,0.000100000000
4583 4584,0.000100000000
4584 4585,0.000100000000
4585 4586,0.000100000000
4586 4587,0.000100000000
4587 4588,0.000100000000
4588 4589,0.000100000000
4589 4590,0.000100000000
459 460,0.000100000000
4590 4591,0.000100000000
4591 4592,0.000100000000
4592 4593,0.000100000000
4593 4594,0.000100000000
4594 4595,0.000100000000
4595 4596,0.000100000000
4596 4597,0.000100000000
4597 4598,0.000100000000
4598 4599,0.000100000000
