6849 6850,0.000100000000
685 686,0.000100000000
6850 6851,0.000100000000
6851 6852,0.000100000000
6852 6853,0.000100000000
6853 6854,0.000100000000
6854 6855,0.000100000000
6855 6856,0.000100000000
6856 6857,0.000100000000
6857 6858,0.000100000000
6858 6859,0.000100000000
6859 6860,0.000100000000
686 687,0.000100000000
6860 6861,0.000100000000
6861 6862,0.000100000000
6862 6863,0.000100000000
6863 6864,0.000100000000
6864 6865,0.000100000000
6865 6866,0.000100000000
6866 6867,0.000100000000
6867 6868,0.000100000000
6868 6869,0.000100000000
6869 6870,0.000100000000
687 688,0.000100000000
6870 6871,0.000100000000
6871 6872,0.000100000000
6872 6873,0.000100000000
6873 6874,0.000100000000
6874 6875,0.000100000000
6875 6876,0.000100000000
6876 6877,0.000100000000
6877 6878,0.000100000000
6878 6879,0.000100000000
6879 6880,0.000100000000
688 689,0.000100000000
6880 6881,0.000100000000
6881 6882,0.000100000000
6882 6883,0.000100000000
6883 6884,0.000100000000
6884 6885,0.000100000000
6885 6886,0.000100000000
6886 6887,0.000100000000
6887 6888,0.000100000000
6888 6889,0.000100000000
6889 6890,0.000100000000
689 690,0.000100000000
6890 6891,0.000100000000
6891 6892,0.000100000000
6892 6893,0.000100000000
6893 6894,0.000100000000
6894 6895,0.000100000000
6895 6896,0.000100000000
6896 6897,0.000100000000
6897 6898,0.000100000000
6898 6899,0.000100000000
6899 6900,0.000100000000
69 70,0.000100000000
690 691,0.000100000000
6900 6901,0.000100000000
6901 6902,0.000100000000
6902 6903,0.000100000000
6903 6904,0.000100000000
6904 6905,0.000100000000
6905 6906,0.000100000000
6906 6907,0.000100000000
6907 6908,0.000100000000
6908 6909,0.000100000000
6909 6910,0.000100000000
691 692,0.000100000000
6910 6911,0.000100000000
6911 6912,0.000100000000
6912 6913,0.000100000000
6913 6914,0.000100000000
6914 6915,0.000100000000
6915 6916,0.000100000000
6916 6917,0.000100000000
6917 6918,0.000100000000
6918 6919,0.000100000000
6919 6920,0.000100000000
692 693,0.000100000000
6920 6921,0.000100000000
6921 6922,0.000100000000
6922 6923,0.000100000000
6923 6924,0.000100000000
6924 6925,0.000100000000
6925 6926,0.000100000000
6926 6927,0.000100000000
6927 6928,0.000100000000
6928 6929,0.000100000000
6929 6930,0.000100000000
693 694,0.000100000000
6930 6931,0.000100000000
6931 6932,0.000100000000
6932 6933,0.000100000000
6933 6934,0.000100000000
6934 6935,0.000100000000
6935 6936,0.000100000000
6936 6937,0.000100000000
6937 6938,0.000100000000
6938 6939,0.000100000000
6939 6940,0.000100000000
694 695,0.000100000000
6940 6941,0.000100000000
6941 6942,0.000100000000
6942 6943,0.000100000000
6943 6944,0.000100000000
6944 6945,0.000100000000
6945 6946,0.000100000000
6946 6947,0.000100000000
6947 6948,0.000100000000
6948 6949,0.000100000000
6949 6950,0.000100000000
695 696,0.000100000000
6950 6951,0.000100000000
6951 6952,0.000100000000
6952 6953,0.000100000000
6953 6954,0.000100000000
6954 6955,0.000100000000
6955 6956,0.000100000000
6956 6957,0.000100000000
6957 6958,0.000100000000
6958 6959,0.000100000000
6959 6960,0.000100000000
696 697,0.000100000000
6960 6961,0.000100000000
6961 6962,0.000100000000
6962 6963,0.000100000000
6963 6964,0.000100000000
6964 6965,0.000100000000
6965 6966,0.000100000000
6966 6967,0.000100000000
6967 6968,0.000100000000
6968 6969,0.000100000000
6969 6970,0.000100000000
697 698,0.000100000000
6970 6971,0.000100000000
6971 6972,0.000100000000
6972 6973,0.000100000000
6973 6974,0.000100000000
6974 6975,0.000100000000
6975 6976,0.000100000000
6976 6977,0.000100000000
6977 6978,0.000100000000
6978 6979,0.000100000000
6979 6980,0.000100000000
698 699,0.000100000000
6980 6981,0.000100000000
6981 6982,0.000100000000
6982 6983,0.000100000000
6983 6984,0.000100000000
6984 6985,0.000100000000
6985 6986,0.000100000000
6986 6987,0.000100000000
6987 6988,0.000100000000
6988 6989,0.000100000000
6989 6990,0.000100000000
699 700,0.000100000000
6990 6991,0.000100000000
6991 6992,0.000100000000
6992 6993,0.000100000000
6993 6994,0.000100000000
6994 6995,0.000100000000
6995 6996,0.000100000000
6996 6997,0.000100000000
6997 6998,0.000100000000
6998 6999,0.000100000000
6999 7000,0.000100000000
7 8,0.000067942292
70 71,0.000100000000
700 701,0.000100000000
7000 7001,0.000100000000
7001 7002,0.000100000000
7002 7003,0.000100000000
7003 7004,0.000100000000
7004 7005,0.000100000000
7005 7006,0.000100000000
7006 7007,0.000100000000
7007 7008,0.000100000000
7008 7009,0.000100000000
7009 7010,0.000100000000
701 702,0.000100000000
7010 7011,0.000100000000
7011 7012,0.000100000000
7012 7013,0.000100000000
7013 7014,0.000100000000
7014 7015,0.000100000000
7015 7016,0.000100000000
7016 7017,0.000100000000
7017 7018,0.000100000000
7018 7019,0.000100000000
7019 7020,0.000100000000
702 703,0.000100000000
7020 7021,0.000100000000
7021 7022,0.000100000000
7022 7023,0.000100000000
7023 7024,0.000100000000
7024 7025,0.000100000000
7025 7026,0.000100000000
7026 7027,0.000100000000
7027 7028,0.000100000000
7028 7029,0.000100000000
7029 7030,0.000100000000
703 704,0.000100000000
7030 7031,0.000100000000
7031 7032,0.000100000000
7032 7033,0.000100000000
7033 7034,0.000100000000
7034 7035,0.000100000000
7035 7036,0.000100000000
7036 7037,0.000100000000
7037 7038,0.000100000000
7038 7039,0.000100000000
7039 7040,0.000100000000
704 705,0.000100000000
7040 7041,0.000100000000
7041 7042,0.000100000000
7042 7043,0.000100000000
7043 7044,0.000100000000
7044 7045,0.000100000000
7045 7046,0.000100000000
7046 7047,0.000100000000
7047 7048,0.000100000000
7048 7049,0.000100000000
7049 7050,0.000100000000
705 706,0.000100000000
7050 7051,0.000100000000
7051 7052,0.000100000000
7052 7053,0.000100000000
7053 7054,0.000100000000
7054 7055,0.000100000000
7055 7056,0.000100000000
7056 7057,0.000100000000
7057 7058,0.000100000000
7058 7059,0.000100000000
7059 7060,0.000100000000
706 707,0.000100000000
7060 7061,0.000100000000
7061 7062,0.000100000000
7062 7063,0.000100000000
7063 7064,0.000100000000
7064 7065,0.000100000000
7065 7066,0.000100000000
7066 7067,0.000100000000
7067 7068,0.000100000000
7068 7069,0.000100000000
7069 7070,0.000100000000
707 708,0.000100000000
7070 7071,0.000100000000
7071 7072,0.000100000000
7072 7073,0.000100000000
7073 7074,0.000100000000
7074 7075,0.000100000000
7075 7076,0.000100000000
7076 7077,0.000100000000
7077 7078,0.000100000000
7078 7079,0.000100000000
7079 7080,0.000100000000
708 709,0.000100000000
7080 7081,0.000100000000
7081 7082,0.000100000000
7082 7083,0.000100000000
7083 7084,0.000100000000
7084 7085,0.000100000000
7085 7086,0.000100000000
7086 7087,0.000100000000
7087 7088,0.000100000000
7088 7089,0.000100000000
7089 7090,0.000100000000
709 710,0.000100000000
7090 7091,0.000100000000
7091 7092,0.000100000000
7092 7093,0.000100000000
7093 7094,0.000100000000
7094 7095,0.000100000000
7095 7096,0.000100000000
7096 7097,0.000100000000
7097 7098,0.000100000000
7098 7099,0.000100000000
7099 7100,0.000100000000
71 72,0.000100000000
710 711,0.000100000000
7100 7101,0.000100000000
7101 7102,0.000100000000
7102 7103,0.000100000000
7103 7104,0.000100000000
7104 7105,0.000100000000
7105 7106,0.000100000000
7106 7107,0.000100000000
7107 7108,0.000100000000
7108 7109,0.000100000000
7109 7110,0.000100000000
711 712,0.000100000000
7110 7111,0.000100000000
7111 7112,0.000100000000
7112 7113,0.000100000000
7113 7114,0.000100000000
7114 7115,0.000100000000
7115 7116,0.000100000000
7116 7117,0.000100000000
7117 7118,0.000100000000
7118 7119,0.000100000000
7119 7120,0.000100000000
712 713,0.000100000000
7120 7121,0.000100000000
7121 7122,0.000100000000
7122 7123,0.000100000000
7123 7124,0.000100000000
7124 7125,0.000100000000
7125 7126,0.000100000000
7126 7127,0.000100000000
7127 7128,0.000100000000
7128 7129,0.000100000000
7129 7130,0.000100000000
713 714,0.000100000000
7130 7131,0.000100000000
7131 7132,0.000100000000
7132 7133,0.000100000000
7133 7134,0.000100000000
7134 7135,0.000100000000
7135 7136,0.000100000000
7136 7137,0.000100000000
7137 7138,0.000100000000
7138 7139,0.000100000000
7139 7140,0.000100000000
714 715,0.000100000000
7140 7141,0.000100000000
7141 7142,0.000100000000
7142 7143,0.000100000000
7143 7144,0.000100000000
7144 7145,0.000100000000
7145 7146,0.000100000000
7146 7147,0.000100000000
7147 7148,0.000100000000
7148 7149,0.000100000000
7149 7150,0.000100000000
715 716,0.000100000000
7150 7151,0.000100000000
7151 7152,0.000100000000
7152 7153,0.000100000000
7153 7154,0.000100000000
7154 7155,0.000100000000
7155 7156,0.000100000000
7156 7157,0.000100000000
7157 7158,0.000100000000
7158 7159,0.000100000000
7159 7160,0.000100000000
716 717,0.000100000000
7160 7161,0.000100000000
7161 7162,0.000100000000
7162 7163,0.000100000000
7163 7164,0.000100000000
7164 7165,0.000100000000
7165 7166,0.000100000000
7166 7167,0.000100000000
7167 7168,0.000100000000
7168 7169,0.000100000000
7169 7170,0.000100000000
717 718,0.000100000000
7170 7171,0.000100000000
7171 7172,0.000100000000
7172 7173,0.000100000000
7173 7174,0.000100000000
7174 7175,0.000100000000
7175 7176,0.000100000000
7176 7177,0.000100000000
7177 7178,0.000100000000
7178 7179,0.000100000000
7179 7180,0.000100000000
718 719,0.000100000000
7180 7181,0.000100000000
7181 7182,0.000100000000
7182 7183,0.000100000000
7183 7184,0.000100000000
7184 7185,0.000100000000
7185 7186,0.000100000000
7186 7187,0.000100000000
7187 7188,0.000100000000
7188 7189,0.000100000000
7189 7190,0.000100000000
719 720,0.000100000000
7190 7191,0.000100000000
7191 7192,0.000100000000
7192 7193,0.000100000000
7193 7194,0.000100000000
7194 7195,0.000100000000
7195 7196,0.000100000000
7196 7197,0.000100000000
7197 7198,0.000100000000
7198 7199,0.000100000000
7199 7200,0.000100000000
72 73,0.000100000000
720 721,0.000100000000
7200 7201,0.000100000000
7201 7202,0.000100000000
7202 7203,0.000100000000
7203 7204,0.000100000000
7204 7205,0.000100000000
7205 7206,0.000100000000
7206 7207,0.000100000000
7207 7208,0.000100000000
7208 7209,0.000100000000
7209 7210,0.000100000000
721 722,0.000100000000
7210 7211,0.000100000000
7211 7212,0.000100000000
7212 7213,0.000100000000
7213 7214,0.000100000000
7214 7215,0.000100000000
7215 7216,0.000100000000
7216 7217,0.000100000000
7217 7218,0.000100000000
7218 7219,0.000100000000
7219 7220,0.000100000000
722 723,0.000100000000
7220 7221,0.000100000000
7221 7222,0.000100000000
7222 7223,0.000100000000
7223 7224,0.000100000000
7224 7225,0.000100000000
7225 7226,0.000100000000
7226 7227,0.000100000000
7227 7228,0.000100000000
7228 7229,0.000100000000
7229 7230,0.000100000000
723 724,0.000100000000
7230 7231,0.000100000000
7231 7232,0.000100000000
7232 7233,0.000100000000
7233 7234,0.000100000000
7234 7235,0.000100000000
7235 7236,0.000100000000
7236 7237,0.000100000000
7237 7238,0.000100000000
7238 7239,0.000100000000
7239 7240,0.000100000000
724 725,0.000100000000
7240 7241,0.000100000000
7241 7242,0.000100000000
7242 7243,0.000100000000
7243 7244,0.000100000000
7244 7245,0.000100000000
7245 7246,0.000100000000
7246 7247,0.000100000000
7247 7248,0.000100000000
7248 7249,0.000100000000
7249 7250,0.000100000000
725 726,0.000100000000
7250 7251,0.000100000000
7251 7252,0.000100000000
7252 7253,0.000100000000
7253 7254,0.000100000000
7254 7255,0.000100000000
7255 7256,0.000100000000
7256 7257,0.000100000000
7257 7258,0.000100000000
7258 7259,0.000100000000
7259 7260,0.000100000000
726 727,0.000100000000
7260 7261,0.000100000000
7261 7262,0.000100000000
7262 7263,0.000100000000
7263 7264,0.000100000000
7264 7265,0.000100000000
7265 7266,0.000100000000
7266 7267,0.000100000000
7267 7268,0.000100000000
7268 7269,0.000100000000
7269 7270,0.000100000000
727 728,0.000100000000
7270 7271,0.000100000000
7271 7272,0.000100000000
7272 7273,0.000100000000
7273 7274,0.000100000000
7274 7275,0.000100000000
7275 7276,0.000100000000
7276 7277,0.000100000000
7277 7278,0.000100000000
7278 7279,0.000100000000
7279 7280,0.000100000000
728 729,0.000100000000
7280 7281,0.000100000000
7281 7282,0.000100000000
7282 7283,0.000100000000
7283 7284,0.000100000000
7284 7285,0.000100000000
7285 7286,0.000100000000
7286 7287,0.000100000000
7287 7288,0.000100000000
7288 7289,0.000100000000
7289 7290,0.000100000000
729 730,0.000100000000
7290 7291,0.000100000000
7291 7292,0.000100000000
7292 7293,0.000100000000
7293 7294,0.000100000000
7294 7295,0.000100000000
7295 7296,0.000100000000
7296 7297,0.000100000000
7297 7298,0.000100000000
7298 7299,0.000100000000
