2799 2800,0.000100000000
28 29,0.000100000000
280 281,0.000100000000
2800 2801,0.000100000000
2801 2802,0.000100000000
2802 2803,0.000100000000
2803 2804,0.000100000000
2804 2805,0.000100000000
2805 2806,0.000100000000
2806 2807,0.000100000000
2807 2808,0.000100000000
2808 2809,0.000100000000
2809 2810,0.000100000000
281 282,0.000100000000
2810 2811,0.000100000000
2811 2812,0.000100000000
2812 2813,0.000100000000
2813 2814,0.000100000000
2814 2815,0.000100000000
2815 2816,0.000100000000
2816 2817,0.000100000000
2817 2818,0.000100000000
2818 2819,0.000100000000
2819 2820,0.000100000000
282 283,0.000100000000
2820 2821,0.000100000000
2821 2822,0.000100000000
2822 2823,0.000100000000
2823 2824,0.000100000000
2824 2825,0.000100000000
2825 2826,0.000100000000
2826 2827,0.000100000000
2827 2828,0.000100000000
2828 2829,0.000100000000
2829 2830,0.000100000000
283 284,0.000100000000
2830 2831,0.000100000000
2831 2832,0.000100000000
2832 2833,0.000100000000
2833 2834,0.000100000000
2834 2835,0.000100000000
2835 2836,0.000100000000
2836 2837,0.000100000000
2837 2838,0.000100000000
2838 2839,0.000100000000
2839 2840,0.000100000000
284 285,0.000100000000
2840 2841,0.000100000000
2841 2842,0.000100000000
2842 2843,0.000100000000
2843 2844,0.000100000000
2844 2845,0.000100000000
2845 2846,0.000100000000
2846 2847,0.000100000000
2847 2848,0.000100000000
2848 2849,0.000100000000
2849 2850,0.000100000000
285 286,0.000100000000
2850 2851,0.000100000000
2851 2852,0.000100000000
2852 2853,0.000100000000
2853 2854,0.000100000000
2854 2855,0.000100000000
2855 2856,0.000100000000
2856 2857,0.000100000000
2857 2858,0.000100000000
2858 2859,0.000100000000
2859 2860,0.000100000000
286 287,0.000100000000
2860 2861,0.000100000000
2861 2862,0.000100000000
2862 2863,0.000100000000
2863 2864,0.000100000000
2864 2865,0.000100000000
2865 2866,0.000100000000
2866 2867,0.000100000000
2867 2868,0.000100000000
2868 2869,0.000100000000
2869 2870,0.000100000000
287 288,0.000100000000
2870 2871,0.000100000000
2871 2872,0.000100000000
2872 2873,0.000100000000
2873 2874,0.000100000000
2874 2875,0.000100000000
2875 2876,0.000100000000
2876 2877,0.000100000000
2877 2878,0.000100000000
2878 2879,0.000100000000
2879 2880,0.000100000000
288 289,0.000100000000
2880 2881,0.000100000000
2881 2882,0.000100000000
2882 2883,0.000100000000
2883 2884,0.000100000000
2884 2885,0.000100000000
2885 2886,0.000100000000
2886 2887,0.000100000000
2887 2888,0.000100000000
2888 2889,0.000100000000
2889 2890,0.000100000000
289 290,0.000100000000
2890 2891,0.000100000000
2891 2892,0.000100000000
2892 2893,0.000100000000
2893 2894,0.000100000000
2894 2895,0.000100000000
2895 2896,0.000100000000
2896 2897,0.000100000000
2897 2898,0.000100000000
2898 2899,0.000100000000
2899 2900,0.000100000000
29 30,0.000100000000
290 291,0.000100000000
2900 2901,0.000100000000
2901 2902,0.000100000000
2902 2903,0.000100000000
2903 2904,0.000100000000
2904 2905,0.000100000000
2905 2906,0.000100000000
2906 2907,0.000100000000
2907 2908,0.000100000000
2908 2909,0.000100000000
2909 2910,0.000100000000
291 292,0.000100000000
2910 2911,0.000100000000
2911 2912,0.000100000000
2912 2913,0.000100000000
2913 2914,0.000100000000
2914 2915,0.000100000000
2915 2916,0.000100000000
2916 2917,0.000100000000
2917 2918,0.000100000000
2918 2919,0.000100000000
2919 2920,0.000100000000
292 293,0.000100000000
2920 2921,0.000100000000
2921 2922,0.000100000000
2922 2923,0.000100000000
2923 2924,0.000100000000
2924 2925,0.000100000000
2925 2926,0.000100000000
2926 2927,0.000100000000
2927 2928,0.000100000000
2928 2929,0.000100000000
2929 2930,0.000100000000
293 294,0.000100000000
2930 2931,0.000100000000
2931 2932,0.000100000000
2932 2933,0.000100000000
2933 2934,0.000100000000
2934 2935,0.000100000000
2935 2936,0.000100000000
2936 2937,0.000100000000
2937 2938,0.000100000000
2938 2939,0.000100000000
2939 2940,0.000100000000
294 295,0.000100000000
2940 2941,0.000100000000
2941 2942,0.000100000000
2942 2943,0.000100000000
2943 2944,0.000100000000
2944 2945,0.000100000000
2945 2946,0.000100000000
2946 2947,0.000100000000
2947 2948,0.000100000000
2948 2949,0.000100000000
2949 2950,0.000100000000
295 296,0.000100000000
2950 2951,0.000100000000
2951 2952,0.000100000000
2952 2953,0.000100000000
2953 2954,0.000100000000
2954 2955,0.000100000000
2955 2956,0.000100000000
2956 2957,0.000100000000
2957 2958,0.000100000000
2958 2959,0.000100000000
2959 2960,0.000100000000
296 297,0.000100000000
2960 2961,0.000100000000
2961 2962,0.000100000000
2962 2963,0.000100000000
2963 2964,0.000100000000
2964 2965,0.000100000000
2965 2966,0.000100000000
2966 2967,0.000100000000
2967 2968,0.000100000000
2968 2969,0.000100000000
2969 2970,0.000100000000
297 298,0.000100000000
2970 2971,0.000100000000
2971 2972,0.000100000000
2972 2973,0.000100000000
2973 2974,0.000100000000
2974 2975,0.000100000000
2975 2976,0.000100000000
2976 2977,0.000100000000
2977 2978,0.000100000000
2978 2979,0.000100000000
2979 2980,0.000100000000
298 299,0.000100000000
2980 2981,0.000100000000
2981 2982,0.000100000000
2982 2983,0.000100000000
2983 2984,0.000100000000
2984 2985,0.000100000000
2985 2986,0.000100000000
2986 2987,0.000100000000
2987 2988,0.000100000000
2988 2989,0.000100000000
2989 2990,0.000100000000
299 300,0.000100000000
2990 2991,0.000100000000
2991 2992,0.000100000000
2992 2993,0.000100000000
2993 2994,0.000100000000
2994 2995,0.000100000000
2995 2996,0.000100000000
2996 2997,0.000100000000
2997 2998,0.000100000000
2998 2999,0.000100000000
2999 3000,0.000100000000
3 4,0.000038587500
30 31,0.000100000000
300 301,0.000100000000
3000 3001,0.000100000000
3001 3002,0.000100000000
3002 3003,0.000100000000
3003 3004,0.000100000000
3004 3005,0.000100000000
3005 3006,0.000100000000
3006 3007,0.000100000000
3007 3008,0.000100000000
3008 3009,0.000100000000
3009 3010,0.000100000000
301 302,0.000100000000
3010 3011,0.000100000000
3011 3012,0.000100000000
3012 3013,0.000100000000
3013 3014,0.000100000000
3014 3015,0.000100000000
3015 3016,0.000100000000
3016 3017,0.000100000000
3017 3018,0.000100000000
3018 3019,0.000100000000
3019 3020,0.000100000000
302 303,0.000100000000
3020 3021,0.000100000000
3021 3022,0.000100000000
3022 3023,0.000100000000
3023 3024,0.000100000000
3024 3025,0.000100000000
3025 3026,0.000100000000
3026 3027,0.000100000000
3027 3028,0.000100000000
3028 3029,0.000100000000
3029 3030,0.000100000000
303 304,0.000100000000
3030 3031,0.000100000000
3031 3032,0.000100000000
3032 3033,0.000100000000
3033 3034,0.000100000000
3034 3035,0.000100000000
3035 3036,0.000100000000
3036 3037,0.000100000000
3037 3038,0.000100000000
3038 3039,0.000100000000
3039 3040,0.000100000000
304 305,0.000100000000
3040 3041,0.000100000000
3041 3042,0.000100000000
3042 3043,0.000100000000
3043 3044,0.000100000000
3044 3045,0.000100000000
3045 3046,0.000100000000
3046 3047,0.000100000000
3047 3048,0.000100000000
3048 3049,0.000100000000
3049 3050,0.000100000000
305 306,0.000100000000
3050 3051,0.000100000000
3051 3052,0.000100000000
3052 3053,0.000100000000
3053 3054,0.000100000000
3054 3055,0.000100000000
3055 3056,0.000100000000
3056 3057,0.000100000000
3057 3058,0.000100000000
3058 3059,0.000100000000
3059 3060,0.000100000000
306 307,0.000100000000
3060 3061,0.000100000000
3061 3062,0.000100000000
3062 3063,0.000100000000
3063 3064,0.000100000000
3064 3065,0.000100000000
3065 3066,0.000100000000
3066 3067,0.000100000000
3067 3068,0.000100000000
3068 3069,0.000100000000
3069 3070,0.000100000000
307 308,0.000100000000
3070 3071,0.000100000000
3071 3072,0.000100000000
3072 3073,0.000100000000
3073 3074,0.000100000000
3074 3075,0.000100000000
3075 3076,0.000100000000
3076 3077,0.000100000000
3077 3078,0.000100000000
3078 3079,0.000100000000
3079 3080,0.000100000000
308 309,0.000100000000
3080 3081,0.000100000000
3081 3082,0.000100000000
3082 3083,0.000100000000
3083 3084,0.000100000000
3084 3085,0.000100000000
3085 3086,0.000100000000
3086 3087,0.000100000000
3087 3088,0.000100000000
3088 3089,0.000100000000
3089 3090,0.000100000000
309 310,0.000100000000
3090 3091,0.000100000000
3091 3092,0.000100000000
3092 3093,0.000100000000
3093 3094,0.000100000000
3094 3095,0.000100000000
3095 3096,0.000100000000
3096 3097,0.000100000000
3097 3098,0.000100000000
3098 3099,0.000100000000
3099 3100,0.000100000000
31 32,0.000100000000
310 311,0.000100000000
3100 3101,0.000100000000
3101 3102,0.000100000000
3102 3103,0.000100000000
3103 3104,0.000100000000
3104 3105,0.000100000000
3105 3106,0.000100000000
3106 3107,0.000100000000
3107 3108,0.000100000000
3108 3109,0.000100000000
3109 3110,0.000100000000
311 312,0.000100000000
3110 3111,0.000100000000
3111 3112,0.000100000000
3112 3113,0.000100000000
3113 3114,0.000100000000
3114 3115,0.000100000000
3115 3116,0.000100000000
3116 3117,0.000100000000
3117 3118,0.000100000000
3118 3119,0.000100000000
3119 3120,0.000100000000
312 313,0.000100000000
3120 3121,0.000100000000
3121 3122,0.000100000000
3122 3123,0.000100000000
3123 3124,0.000100000000
3124 3125,0.000100000000
3125 3126,0.000100000000
3126 3127,0.000100000000
3127 3128,0.000100000000
3128 3129,0.000100000000
3129 3130,0.000100000000
313 314,0.000100000000
3130 3131,0.000100000000
3131 3132,0.000100000000
3132 3133,0.000100000000
3133 3134,0.000100000000
3134 3135,0.000100000000
3135 3136,0.000100000000
3136 3137,0.000100000000
3137 3138,0.000100000000
3138 3139,0.000100000000
3139 3140,0.000100000000
314 315,0.000100000000
3140 3141,0.000100000000
3141 3142,0.000100000000
3142 3143,0.000100000000
3143 3144,0.000100000000
3144 3145,0.000100000000
3145 3146,0.000100000000
3146 3147,0.000100000000
3147 3148,0.000100000000
3148 3149,0.000100000000
3149 3150,0.000100000000
315 316,0.000100000000
3150 3151,0.000100000000
3151 3152,0.000100000000
3152 3153,0.000100000000
3153 3154,0.000100000000
3154 3155,0.000100000000
3155 3156,0.000100000000
3156 3157,0.000100000000
3157 3158,0.000100000000
3158 3159,0.000100000000
3159 3160,0.000100000000
316 317,0.000100000000
3160 3161,0.000100000000
3161 3162,0.000100000000
3162 3163,0.000100000000
3163 3164,0.000100000000
3164 3165,0.000100000000
3165 3166,0.000100000000
3166 3167,0.000100000000
3167 3168,0.000100000000
3168 3169,0.000100000000
3169 3170,0.000100000000
317 318,0.000100000000
3170 3171,0.000100000000
3171 3172,0.000100000000
3172 3173,0.000100000000
3173 3174,0.000100000000
3174 3175,0.000100000000
3175 3176,0.000100000000
3176 3177,0.000100000000
3177 3178,0.000100000000
3178 3179,0.000100000000
3179 3180,0.000100000000
318 319,0.000100000000
3180 3181,0.000100000000
3181 3182,0.000100000000
3182 3183,0.000100000000
3183 3184,0.000100000000
3184 3185,0.000100000000
3185 3186,0.000100000000
3186 3187,0.000100000000
3187 3188,0.000100000000
3188 3189,0.000100000000
3189 3190,0.000100000000
319 320,0.000100000000
3190 3191,0.000100000000
3191 3192,0.000100000000
3192 3193,0.000100000000
3193 3194,0.000100000000
3194 3195,0.000100000000
3195 3196,0.000100000000
3196 3197,0.000100000000
3197 3198,0.000100000000
3198 3199,0.000100000000
3199 3200,0.000100000000
32 33,0.000100000000
320 321,0.000100000000
3200 3201,0.000100000000
3201 3202,0.000100000000
3202 3203,0.000100000000
3203 3204,0.000100000000
3204 3205,0.000100000000
3205 3206,0.000100000000
3206 3207,0.000100000000
3207 3208,0.000100000000
3208 3209,0.000100000000
3209 3210,0.000100000000
321 322,0.000100000000
3210 3211,0.000100000000
3211 3212,0.000100000000
3212 3213,0.000100000000
3213 3214,0.000100000000
3214 3215,0.000100000000
3215 3216,0.000100000000
3216 3217,0.000100000000
3217 3218,0.000100000000
3218 3219,0.000100000000
3219 3220,0.000100000000
322 323,0.000100000000
3220 3221,0.000100000000
3221 3222,0.000100000000
3222 3223,0.000100000000
3223 3224,0.000100000000
3224 3225,0.000100000000
3225 3226,0.000100000000
3226 3227,0.000100000000
3227 3228,0.000100000000
3228 3229,0.000100000000
3229 3230,0.000100000000
323 324,0.000100000000
3230 3231,0.000100000000
3231 3232,0.000100000000
3232 3233,0.000100000000
3233 3234,0.000100000000
3234 3235,0.000100000000
3235 3236,0.000100000000
3236 3237,0.000100000000
3237 3238,0.000100000000
3238 3239,0.000100000000
3239 3240,0.000100000000
324 325,0.000100000000
3240 3241,0.000100000000
3241 3242,0.000100000000
3242 3243,0.000100000000
3243 3244,0.000100000000
3244 3245,0.000100000000
3245 3246,0.000100000000
3246 3247,0.000100000000
3247 3248,0.000100000000
