1 2,0.000015000000
10 11,0.000080312560
100 101,0.000100000000
1000 1001,0.000100000000
10000 ,0.000100000000
1001 1002,0.000100000000
1002 1003,0.000100000000
1003 1004,0.000100000000
1004 1005,0.000100000000
1005 1006,0.000100000000
1006 1007,0.000100000000
1007 1008,0.000100000000
1008 1009,0.000100000000
1009 1010,0.000100000000
101 102,0.000100000000
1010 1011,0.000100000000
1011 1012,0.000100000000
1012 1013,0.000100000000
1013 1014,0.000100000000
1014 1015,0.000100000000
1015 1016,0.000100000000
1016 1017,0.000100000000
1017 1018,0.000100000000
1018 1019,0.000100000000
1019 1020,0.000100000000
102 103,0.000100000000
1020 1021,0.000100000000
1021 1022,0.000100000000
1022 1023,0.000100000000
1023 1024,0.000100000000
1024 1025,0.000100000000
1025 1026,0.000100000000
1026 1027,0.000100000000
1027 1028,0.000100000000
1028 1029,0.000100000000
1029 1030,0.000100000000
103 104,0.000100000000
1030 1031,0.000100000000
1031 1032,0.000100000000
1032 1033,0.000100000000
1033 1034,0.000100000000
1034 1035,0.000100000000
1035 1036,0.000100000000
1036 1037,0.000100000000
1037 1038,0.000100000000
1038 1039,0.000100000000
1039 1040,0.000100000000
104 105,0.000100000000
1040 1041,0.000100000000
1041 1042,0.000100000000
1042 1043,0.000100000000
1043 1044,0.000100000000
1044 1045,0.000100000000
1045 1046,0.000100000000
1046 1047,0.000100000000
1047 1048,0.000100000000
1048 1049,0.000100000000
1049 1050,0.000100000000
105 106,0.000100000000
1050 1051,0.000100000000
1051 1052,0.000100000000
1052 1053,0.000100000000
1053 1054,0.000100000000
1054 1055,0.000100000000
1055 1056,0.000100000000
1056 1057,0.000100000000
1057 1058,0.000100000000
1058 1059,0.000100000000
1059 1060,0.000100000000
106 107,0.000100000000
1060 1061,0.000100000000
1061 1062,0.000100000000
1062 1063,0.000100000000
1063 1064,0.000100000000
1064 1065,0.000100000000
1065 1066,0.000100000000
1066 1067,0.000100000000
1067 1068,0.000100000000
1068 1069,0.000100000000
1069 1070,0.000100000000
107 108,0.000100000000
1070 1071,0.000100000000
1071 1072,0.000100000000
1072 1073,0.000100000000
1073 1074,0.000100000000
1074 1075,0.000100000000
1075 1076,0.000100000000
1076 1077,0.000100000000
1077 1078,0.000100000000
1078 1079,0.000100000000
1079 1080,0.000100000000
108 109,0.000100000000
1080 1081,0.000100000000
1081 1082,0.000100000000
1082 1083,0.000100000000
1083 1084,0.000100000000
1084 1085,0.000100000000
1085 1086,0.000100000000
1086 1087,0.000100000000
1087 1088,0.000100000000
1088 1089,0.000100000000
1089 1090,0.000100000000
109 110,0.000100000000
1090 1091,0.000100000000
1091 1092,0.000100000000
1092 1093,0.000100000000
1093 1094,0.000100000000
1094 1095,0.000100000000
1095 1096,0.000100000000
1096 1097,0.000100000000
1097 1098,0.000100000000
1098 1099,0.000100000000
1099 1100,0.000100000000
11 12,0.000100000000
110 111,0.000100000000
1100 1101,0.000100000000
1101 1102,0.000100000000
1102 1103,0.000100000000
1103 1104,0.000100000000
1104 1105,0.000100000000
1105 1106,0.000100000000
1106 1107,0.000100000000
1107 1108,0.000100000000
1108 1109,0.000100000000
1109 1110,0.000100000000
111 112,0.000100000000
1110 1111,0.000100000000
1111 1112,0.000100000000
1112 1113,0.000100000000
1113 1114,0.000100000000
1114 1115,0.000100000000
1115 1116,0.000100000000
1116 1117,0.000100000000
1117 1118,0.000100000000
1118 1119,0.000100000000
1119 1120,0.000100000000
112 113,0.000100000000
1120 1121,0.000100000000
1121 1122,0.000100000000
1122 1123,0.000100000000
1123 1124,0.000100000000
1124 1125,0.000100000000
1125 1126,0.000100000000
1126 1127,0.000100000000
1127 1128,0.000100000000
1128 1129,0.000100000000
1129 1130,0.000100000000
113 114,0.000100000000
1130 1131,0.000100000000
1131 1132,0.000100000000
1132 1133,0.000100000000
1133 1134,0.000100000000
1134 1135,0.000100000000
1135 1136,0.000100000000
1136 1137,0.000100000000
1137 1138,0.000100000000
1138 1139,0.000100000000
1139 1140,0.000100000000
114 115,0.000100000000
1140 1141,0.000100000000
1141 1142,0.000100000000
1142 1143,0.000100000000
1143 1144,0.000100000000
1144 1145,0.000100000000
1145 1146,0.000100000000
1146 1147,0.000100000000
1147 1148,0.000100000000
1148 1149,0.000100000000
1149 1150,0.000100000000
115 116,0.000100000000
1150 1151,0.000100000000
1151 1152,0.000100000000
1152 1153,0.000100000000
1153 1154,0.000100000000
1154 1155,0.000100000000
1155 1156,0.000100000000
1156 1157,0.000100000000
1157 1158,0.000100000000
1158 1159,0.000100000000
1159 1160,0.000100000000
116 117,0.000100000000
1160 1161,0.000100000000
1161 1162,0.000100000000
1162 1163,0.000100000000
1163 1164,0.000100000000
1164 1165,0.000100000000
1165 1166,0.000100000000
1166 1167,0.000100000000
1167 1168,0.000100000000
1168 1169,0.000100000000
1169 1170,0.000100000000
117 118,0.000100000000
1170 1171,0.000100000000
1171 1172,0.000100000000
1172 1173,0.000100000000
1173 1174,0.000100000000
1174 1175,0.000100000000
1175 1176,0.000100000000
1176 1177,0.000100000000
1177 1178,0.000100000000
1178 1179,0.000100000000
1179 1180,0.000100000000
118 119,0.000100000000
1180 1181,0.000100000000
1181 1182,0.000100000000
1182 1183,0.000100000000
1183 1184,0.000100000000
1184 1185,0.000100000000
1185 1186,0.000100000000
1186 1187,0.000100000000
1187 1188,0.000100000000
1188 1189,0.000100000000
1189 1190,0.000100000000
119 120,0.000100000000
1190 1191,0.000100000000
1191 1192,0.000100000000
1192 1193,0.000100000000
1193 1194,0.000100000000
1194 1195,0.000100000000
1195 1196,0.000100000000
1196 1197,0.000100000000
1197 1198,0.000100000000
1198 1199,0.000100000000
1199 1200,0.000100000000
12 13,0.000100000000
120 121,0.000100000000
1200 1201,0.000100000000
1201 1202,0.000100000000
1202 1203,0.000100000000
1203 1204,0.000100000000
1204 1205,0.000100000000
1205 1206,0.000100000000
1206 1207,0.000100000000
1207 1208,0.000100000000
1208 1209,0.000100000000
1209 1210,0.000100000000
121 122,0.000100000000
1210 1211,0.000100000000
1211 1212,0.000100000000
1212 1213,0.000100000000
1213 1214,0.000100000000
1214 1215,0.000100000000
1215 1216,0.000100000000
1216 1217,0.000100000000
1217 1218,0.000100000000
1218 1219,0.000100000000
1219 1220,0.000100000000
122 123,0.000100000000
1220 1221,0.000100000000
1221 1222,0.000100000000
1222 1223,0.000100000000
1223 1224,0.000100000000
1224 1225,0.000100000000
1225 1226,0.000100000000
1226 1227,0.000100000000
1227 1228,0.000100000000
1228 1229,0.000100000000
1229 1230,0.000100000000
123 124,0.000100000000
1230 1231,0.000100000000
1231 1232,0.000100000000
1232 1233,0.000100000000
1233 1234,0.000100000000
1234 1235,0.000100000000
1235 1236,0.000100000000
1236 1237,0.000100000000
1237 1238,0.000100000000
1238 1239,0.000100000000
1239 1240,0.000100000000
124 125,0.000100000000
1240 1241,0.000100000000
1241 1242,0.000100000000
1242 1243,0.000100000000
1243 1244,0.000100000000
1244 1245,0.000100000000
1245 1246,0.000100000000
1246 1247,0.000100000000
1247 1248,0.000100000000
1248 1249,0.000100000000
1249 1250,0.000100000000
125 126,0.000100000000
1250 1251,0.000100000000
1251 1252,0.000100000000
1252 1253,0.000100000000
1253 1254,0.000100000000
1254 1255,0.000100000000
1255 1256,0.000100000000
1256 1257,0.000100000000
1257 1258,0.000100000000
1258 1259,0.000100000000
1259 1260,0.000100000000
126 127,0.000100000000
1260 1261,0.000100000000
1261 1262,0.000100000000
1262 1263,0.000100000000
1263 1264,0.000100000000
1264 1265,0.000100000000
1265 1266,0.000100000000
1266 1267,0.000100000000
1267 1268,0.000100000000
1268 1269,0.000100000000
1269 1270,0.000100000000
127 128,0.000100000000
1270 1271,0.000100000000
1271 1272,0.000100000000
1272 1273,0.000100000000
1273 1274,0.000100000000
1274 1275,0.000100000000
1275 1276,0.000100000000
1276 1277,0.000100000000
1277 1278,0.000100000000
1278 1279,0.000100000000
1279 1280,0.000100000000
128 129,0.000100000000
1280 1281,0.000100000000
1281 1282,0.000100000000
1282 1283,0.000100000000
1283 1284,0.000100000000
1284 1285,0.000100000000
1285 1286,0.000100000000
1286 1287,0.000100000000
1287 1288,0.000100000000
1288 1289,0.000100000000
1289 1290,0.000100000000
129 130,0.000100000000
1290 1291,0.000100000000
1291 1292,0.000100000000
1292 1293,0.000100000000
1293 1294,0.000100000000
1294 1295,0.000100000000
1295 1296,0.000100000000
1296 1297,0.000100000000
1297 1298,0.000100000000
1298 1299,0.000100000000
1299 1300,0.000100000000
13 14,0.000100000000
130 131,0.000100000000
1300 1301,0.000100000000
1301 1302,0.000100000000
1302 1303,0.000100000000
1303 1304,0.000100000000
1304 1305,0.000100000000
1305 1306,0.000100000000
1306 1307,0.000100000000
1307 1308,0.000100000000
1308 1309,0.000100000000
1309 1310,0.000100000000
131 132,0.000100000000
1310 1311,0.000100000000
1311 1312,0.000100000000
1312 1313,0.000100000000
1313 1314,0.000100000000
1314 1315,0.000100000000
1315 1316,0.000100000000
1316 1317,0.000100000000
1317 1318,0.000100000000
1318 1319,0.000100000000
1319 1320,0.000100000000
132 133,0.000100000000
1320 1321,0.000100000000
1321 1322,0.000100000000
1322 1323,0.000100000000
1323 1324,0.000100000000
1324 1325,0.000100000000
1325 1326,0.000100000000
1326 1327,0.000100000000
1327 1328,0.000100000000
1328 1329,0.000100000000
1329 1330,0.000100000000
133 134,0.000100000000
1330 1331,0.000100000000
1331 1332,0.000100000000
1332 1333,0.000100000000
1333 1334,0.000100000000
1334 1335,0.000100000000
1335 1336,0.000100000000
1336 1337,0.000100000000
1337 1338,0.000100000000
1338 1339,0.000100000000
1339 1340,0.000100000000
134 135,0.000100000000
1340 1341,0.000100000000
1341 1342,0.000100000000
1342 1343,0.000100000000
1343 1344,0.000100000000
1344 1345,0.000100000000
1345 1346,0.000100000000
1346 1347,0.000100000000
1347 1348,0.000100000000
1348 1349,0.000100000000
1349 1350,0.000100000000
135 136,0.000100000000
1350 1351,0.000100000000
1351 1352,0.000100000000
1352 1353,0.000100000000
1353 1354,0.000100000000
1354 1355,0.000100000000
1355 1356,0.000100000000
1356 1357,0.000100000000
1357 1358,0.000100000000
1358 1359,0.000100000000
1359 1360,0.000100000000
136 137,0.000100000000
1360 1361,0.000100000000
1361 1362,0.000100000000
1362 1363,0.000100000000
1363 1364,0.000100000000
1364 1365,0.000100000000
1365 1366,0.000100000000
1366 1367,0.000100000000
1367 1368,0.000100000000
1368 1369,0.000100000000
1369 1370,0.000100000000
137 138,0.000100000000
1370 1371,0.000100000000
1371 1372,0.000100000000
1372 1373,0.000100000000
1373 1374,0.000100000000
1374 1375,0.000100000000
1375 1376,0.000100000000
1376 1377,0.000100000000
1377 1378,0.000100000000
1378 1379,0.000100000000
1379 1380,0.000100000000
138 139,0.000100000000
1380 1381,0.000100000000
1381 1382,0.000100000000
1382 1383,0.000100000000
1383 1384,0.000100000000
1384 1385,0.000100000000
1385 1386,0.000100000000
1386 1387,0.000100000000
1387 1388,0.000100000000
1388 1389,0.000100000000
1389 1390,0.000100000000
139 140,0.000100000000
1390 1391,0.000100000000
1391 1392,0.000100000000
1392 1393,0.000100000000
1393 1394,0.000100000000
1394 1395,0.000100000000
1395 1396,0.000100000000
1396 1397,0.000100000000
1397 1398,0.000100000000
1398 1399,0.000100000000
1399 1400,0.000100000000
14 15,0.000100000000
140 141,0.000100000000
1400 1401,0.000100000000
1401 1402,0.000100000000
1402 1403,0.000100000000
1403 1404,0.000100000000
1404 1405,0.000100000000
1405 1406,0.000100000000
1406 1407,0.000100000000
1407 1408,0.000100000000
1408 1409,0.000100000000
1409 1410,0.000100000000
141 142,0.000100000000
1410 1411,0.000100000000
1411 1412,0.000100000000
1412 1413,0.000100000000
1413 1414,0.000100000000
1414 1415,0.000100000000
1415 1416,0.000100000000
1416 1417,0.000100000000
1417 1418,0.000100000000
1418 1419,0.000100000000
1419 1420,0.000100000000
142 143,0.000100000000
1420 1421,0.000100000000
1421 1422,0.000100000000
1422 1423,0.000100000000
1423 1424,0.000100000000
1424 1425,0.000100000000
1425 1426,0.000100000000
1426 1427,0.000100000000
1427 1428,0.000100000000
1428 1429,0.000100000000
1429 1430,0.000100000000
143 144,0.000100000000
1430 1431,0.000100000000
1431 1432,0.000100000000
1432 1433,0.000100000000
1433 1434,0.000100000000
1434 1435,0.000100000000
1435 1436,0.000100000000
1436 1437,0.000100000000
1437 1438,0.000100000000
1438 1439,0.000100000000
1439 1440,0.000100000000
144 145,0.000100000000
1440 1441,0.000100000000
1441 1442,0.000100000000
1442 1443,0.000100000000
1443 1444,0.000100000000
1444 1445,0.000100000000
1445 1446,0.000100000000
1446 1447,0.000100000000
1447 1448,0.000100000000
