6399 6400,0.000100000000
64 65,0.000100000000
640 641,0.000100000000
6400 6401,0.000100000000
6401 6402,0.000100000000
6402 6403,0.000100000000
6403 6404,0.000100000000
6404 6405,0.000100000000
6405 6406,0.000100000000
6406 6407,0.000100000000
6407 6408,0.000100000000
6408 6409,0.000100000000
6409 6410,0.000100000000
641 642,0.000100000000
6410 6411,0.000100000000
6411 6412,0.000100000000
6412 6413,0.000100000000
6413 6414,0.000100000000
6414 6415,0.000100000000
6415 6416,0.000100000000
6416 6417,0.000100000000
6417 6418,0.000100000000
6418 6419,0.000100000000
6419 6420,0.000100000000
642 643,0.000100000000
6420 6421,0.000100000000
6421 6422,0.000100000000
6422 6423,0.000100000000
6423 6424,0.000100000000
6424 6425,0.000100000000
6425 6426,0.000100000000
6426 6427,0.000100000000
6427 6428,0.000100000000
6428 6429,0.000100000000
6429 6430,0.000100000000
643 644,0.000100000000
6430 6431,0.000100000000
6431 6432,0.000100000000
6432 6433,0.000100000000
6433 6434,0.000100000000
6434 6435,0.000100000000
6435 6436,0.000100000000
6436 6437,0.000100000000
6437 6438,0.000100000000
6438 6439,0.000100000000
6439 6440,0.000100000000
644 645,0.000100000000
6440 6441,0.000100000000
6441 6442,0.000100000000
6442 6443,0.000100000000
6443 6444,0.000100000000
6444 6445,0.000100000000
6445 6446,0.000100000000
6446 6447,0.000100000000
6447 6448,0.000100000000
6448 6449,0.000100000000
6449 6450,0.000100000000
645 646,0.000100000000
6450 6451,0.000100000000
6451 6452,0.000100000000
6452 6453,0.000100000000
6453 6454,0.000100000000
6454 6455,0.000100000000
6455 6456,0.000100000000
6456 6457,0.000100000000
6457 6458,0.000100000000
6458 6459,0.000100000000
6459 6460,0.000100000000
646 647,0.000100000000
6460 6461,0.000100000000
6461 6462,0.000100000000
6462 6463,0.000100000000
6463 6464,0.000100000000
6464 6465,0.000100000000
6465 6466,0.000100000000
6466 6467,0.000100000000
6467 6468,0.000100000000
6468 6469,0.000100000000
6469 6470,0.000100000000
647 648,0.000100000000
6470 6471,0.000100000000
6471 6472,0.000100000000
6472 6473,0.000100000000
6473 6474,0.000100000000
6474 6475,0.000100000000
6475 6476,0.000100000000
6476 6477,0.000100000000
6477 6478,0.000100000000
6478 6479,0.000100000000
6479 6480,0.000100000000
648 649,0.000100000000
6480 6481,0.000100000000
6481 6482,0.000100000000
6482 6483,0.000100000000
6483 6484,0.000100000000
6484 6485,0.000100000000
6485 6486,0.000100000000
6486 6487,0.000100000000
6487 6488,0.000100000000
6488 6489,0.000100000000
6489 6490,0.000100000000
649 650,0.000100000000
6490 6491,0.000100000000
6491 6492,0.000100000000
6492 6493,0.000100000000
6493 6494,0.000100000000
6494 6495,0.000100000000
6495 6496,0.000100000000
6496 6497,0.000100000000
6497 6498,0.000100000000
6498 6499,0.000100000000
6499 6500,0.000100000000
65 66,0.000100000000
650 651,0.000100000000
6500 6501,0.000100000000
6501 6502,0.000100000000
6502 6503,0.000100000000
6503 6504,0.000100000000
6504 6505,0.000100000000
6505 6506,0.000100000000
6506 6507,0.000100000000
6507 6508,0.000100000000
6508 6509,0.000100000000
6509 6510,0.000100000000
651 652,0.000100000000
6510 6511,0.000100000000
6511 6512,0.000100000000
6512 6513,0.000100000000
6513 6514,0.000100000000
6514 6515,0.000100000000
6515 6516,0.000100000000
6516 6517,0.000100000000
6517 6518,0.000100000000
6518 6519,0.000100000000
6519 6520,0.000100000000
652 653,0.000100000000
6520 6521,0.000100000000
6521 6522,0.000100000000
6522 6523,0.000100000000
6523 6524,0.000100000000
6524 6525,0.000100000000
6525 6526,0.000100000000
6526 6527,0.000100000000
6527 6528,0.000100000000
6528 6529,0.000100000000
6529 6530,0.000100000000
653 654,0.000100000000
6530 6531,0.000100000000
6531 6532,0.000100000000
6532 6533,0.000100000000
6533 6534,0.000100000000
6534 6535,0.000100000000
6535 6536,0.000100000000
6536 6537,0.000100000000
6537 6538,0.000100000000
6538 6539,0.000100000000
6539 6540,0.000100000000
654 655,0.000100000000
6540 6541,0.000100000000
6541 6542,0.000100000000
6542 6543,0.000100000000
6543 6544,0.000100000000
6544 6545,0.000100000000
6545 6546,0.000100000000
6546 6547,0.000100000000
6547 6548,0.000100000000
6548 6549,0.000100000000
6549 6550,0.000100000000
655 656,0.000100000000
6550 6551,0.000100000000
6551 6552,0.000100000000
6552 6553,0.000100000000
6553 6554,0.000100000000
6554 6555,0.000100000000
6555 6556,0.000100000000
6556 6557,0.000100000000
6557 6558,0.000100000000
6558 6559,0.000100000000
6559 6560,0.000100000000
656 657,0.000100000000
6560 6561,0.000100000000
6561 6562,0.000100000000
6562 6563,0.000100000000
6563 6564,0.000100000000
6564 6565,0.000100000000
6565 6566,0.000100000000
6566 6567,0.000100000000
6567 6568,0.000100000000
6568 6569,0.000100000000
6569 6570,0.000100000000
657 658,0.000100000000
6570 6571,0.000100000000
6571 6572,0.000100000000
6572 6573,0.000100000000
6573 6574,0.000100000000
6574 6575,0.000100000000
6575 6576,0.000100000000
6576 6577,0.000100000000
6577 6578,0.000100000000
6578 6579,0.000100000000
6579 6580,0.000100000000
658 659,0.000100000000
6580 6581,0.000100000000
6581 6582,0.000100000000
6582 6583,0.000100000000
6583 6584,0.000100000000
6584 6585,0.000100000000
6585 6586,0.000100000000
6586 6587,0.000100000000
6587 6588,0.000100000000
6588 6589,0.000100000000
6589 6590,0.000100000000
659 660,0.000100000000
6590 6591,0.000100000000
6591 6592,0.000100000000
6592 6593,0.000100000000
6593 6594,0.000100000000
6594 6595,0.000100000000
6595 6596,0.000100000000
6596 6597,0.000100000000
6597 6598,0.000100000000
6598 6599,0.000100000000
6599 6600,0.000100000000
66 67,0.000100000000
660 661,0.000100000000
6600 6601,0.000100000000
6601 6602,0.000100000000
6602 6603,0.000100000000
6603 6604,0.000100000000
6604 6605,0.000100000000
6605 6606,0.000100000000
6606 6607,0.000100000000
6607 6608,0.000100000000
6608 6609,0.000100000000
6609 6610,0.000100000000
661 662,0.000100000000
6610 6611,0.000100000000
6611 6612,0.000100000000
6612 6613,0.000100000000
6613 6614,0.000100000000
6614 6615,0.000100000000
6615 6616,0.000100000000
6616 6617,0.000100000000
6617 6618,0.000100000000
6618 6619,0.000100000000
6619 6620,0.000100000000
662 663,0.000100000000
6620 6621,0.000100000000
6621 6622,0.000100000000
6622 6623,0.000100000000
6623 6624,0.000100000000
6624 6625,0.000100000000
6625 6626,0.000100000000
6626 6627,0.000100000000
6627 6628,0.000100000000
6628 6629,0.000100000000
6629 6630,0.000100000000
663 664,0.000100000000
6630 6631,0.000100000000
6631 6632,0.000100000000
6632 6633,0.000100000000
6633 6634,0.000100000000
6634 6635,0.000100000000
6635 6636,0.000100000000
6636 6637,0.000100000000
6637 6638,0.000100000000
6638 6639,0.000100000000
6639 6640,0.000100000000
664 665,0.000100000000
6640 6641,0.000100000000
6641 6642,0.000100000000
6642 6643,0.000100000000
6643 6644,0.000100000000
6644 6645,0.000100000000
6645 6646,0.000100000000
6646 6647,0.000100000000
6647 6648,0.000100000000
6648 6649,0.000100000000
6649 6650,0.000100000000
665 666,0.000100000000
6650 6651,0.000100000000
6651 6652,0.000100000000
6652 6653,0.000100000000
6653 6654,0.000100000000
6654 6655,0.000100000000
6655 6656,0.000100000000
6656 6657,0.000100000000
6657 6658,0.000100000000
6658 6659,0.000100000000
6659 6660,0.000100000000
666 667,0.000100000000
6660 6661,0.000100000000
6661 6662,0.000100000000
6662 6663,0.000100000000
6663 6664,0.000100000000
6664 6665,0.000100000000
6665 6666,0.000100000000
6666 6667,0.000100000000
6667 6668,0.000100000000
6668 6669,0.000100000000
6669 6670,0.000100000000
667 668,0.000100000000
6670 6671,0.000100000000
6671 6672,0.000100000000
6672 6673,0.000100000000
6673 6674,0.000100000000
6674 6675,0.000100000000
6675 6676,0.000100000000
6676 6677,0.000100000000
6677 6678,0.000100000000
6678 6679,0.000100000000
6679 6680,0.000100000000
668 669,0.000100000000
6680 6681,0.000100000000
6681 6682,0.000100000000
6682 6683,0.000100000000
6683 6684,0.000100000000
6684 6685,0.000100000000
6685 6686,0.000100000000
6686 6687,0.000100000000
6687 6688,0.000100000000
6688 6689,0.000100000000
6689 6690,0.000100000000
669 670,0.000100000000
6690 6691,0.000100000000
6691 6692,0.000100000000
6692 6693,0.000100000000
6693 6694,0.000100000000
6694 6695,0.000100000000
6695 6696,0.000100000000
6696 6697,0.000100000000
6697 6698,0.000100000000
6698 6699,0.000100000000
6699 6700,0.000100000000
67 68,0.000100000000
670 671,0.000100000000
6700 6701,0.000100000000
6701 6702,0.000100000000
6702 6703,0.000100000000
6703 6704,0.000100000000
6704 6705,0.000100000000
6705 6706,0.000100000000
6706 6707,0.000100000000
6707 6708,0.000100000000
6708 6709,0.000100000000
6709 6710,0.000100000000
671 672,0.000100000000
6710 6711,0.000100000000
6711 6712,0.000100000000
6712 6713,0.000100000000
6713 6714,0.000100000000
6714 6715,0.000100000000
6715 6716,0.000100000000
6716 6717,0.000100000000
6717 6718,0.000100000000
6718 6719,0.000100000000
6719 6720,0.000100000000
672 673,0.000100000000
6720 6721,0.000100000000
6721 6722,0.000100000000
6722 6723,0.000100000000
6723 6724,0.000100000000
6724 6725,0.000100000000
6725 6726,0.000100000000
6726 6727,0.000100000000
6727 6728,0.000100000000
6728 6729,0.000100000000
6729 6730,0.000100000000
673 674,0.000100000000
6730 6731,0.000100000000
6731 6732,0.000100000000
6732 6733,0.000100000000
6733 6734,0.000100000000
6734 6735,0.000100000000
6735 6736,0.000100000000
6736 6737,0.000100000000
6737 6738,0.000100000000
6738 6739,0.000100000000
6739 6740,0.000100000000
674 675,0.000100000000
6740 6741,0.000100000000
6741 6742,0.000100000000
6742 6743,0.000100000000
6743 6744,0.000100000000
6744 6745,0.000100000000
6745 6746,0.000100000000
6746 6747,0.000100000000
6747 6748,0.000100000000
6748 6749,0.000100000000
6749 6750,0.000100000000
675 676,0.000100000000
6750 6751,0.000100000000
6751 6752,0.000100000000
6752 6753,0.000100000000
6753 6754,0.000100000000
6754 6755,0.000100000000
6755 6756,0.000100000000
6756 6757,0.000100000000
6757 6758,0.000100000000
6758 6759,0.000100000000
6759 6760,0.000100000000
676 677,0.000100000000
6760 6761,0.000100000000
6761 6762,0.000100000000
6762 6763,0.000100000000
6763 6764,0.000100000000
6764 6765,0.000100000000
6765 6766,0.000100000000
6766 6767,0.000100000000
6767 6768,0.000100000000
6768 6769,0.000100000000
6769 6770,0.000100000000
677 678,0.000100000000
6770 6771,0.000100000000
6771 6772,0.000100000000
6772 6773,0.000100000000
6773 6774,0.000100000000
6774 6775,0.000100000000
6775 6776,0.000100000000
6776 6777,0.000100000000
6777 6778,0.000100000000
6778 6779,0.000100000000
6779 6780,0.000100000000
678 679,0.000100000000
6780 6781,0.000100000000
6781 6782,0.000100000000
6782 6783,0.000100000000
6783 6784,0.000100000000
6784 6785,0.000100000000
6785 6786,0.000100000000
6786 6787,0.000100000000
6787 6788,0.000100000000
6788 6789,0.000100000000
6789 6790,0.000100000000
679 680,0.000100000000
6790 6791,0.000100000000
6791 6792,0.000100000000
6792 6793,0.000100000000
6793 6794,0.000100000000
6794 6795,0.000100000000
6795 6796,0.000100000000
6796 6797,0.000100000000
6797 6798,0.000100000000
6798 6799,0.000100000000
6799 6800,0.000100000000
68 69,0.000100000000
680 681,0.000100000000
6800 6801,0.000100000000
6801 6802,0.000100000000
6802 6803,0.000100000000
6803 6804,0.000100000000
6804 6805,0.000100000000
6805 6806,0.000100000000
6806 6807,0.000100000000
6807 6808,0.000100000000
6808 6809,0.000100000000
6809 6810,0.000100000000
681 682,0.000100000000
6810 6811,0.000100000000
6811 6812,0.000100000000
6812 6813,0.000100000000
6813 6814,0.000100000000
6814 6815,0.000100000000
6815 6816,0.000100000000
6816 6817,0.000100000000
6817 6818,0.000100000000
6818 6819,0.000100000000
6819 6820,0.000100000000
682 683,0.000100000000
6820 6821,0.000100000000
6821 6822,0.000100000000
6822 6823,0.000100000000
6823 6824,0.000100000000
6824 6825,0.000100000000
6825 6826,0.000100000000
6826 6827,0.000100000000
6827 6828,0.000100000000
6828 6829,0.000100000000
6829 6830,0.000100000000
683 684,0.000100000000
6830 6831,0.000100000000
6831 6832,0.000100000000
6832 6833,0.000100000000
6833 6834,0.000100000000
6834 6835,0.000100000000
6835 6836,0.000100000000
6836 6837,0.000100000000
6837 6838,0.000100000000
6838 6839,0.000100000000
6839 6840,0.000100000000
684 685,0.000100000000
6840 6841,0.000100000000
6841 6842,0.000100000000
6842 6843,0.000100000000
6843 6844,0.000100000000
6844 6845,0.000100000000
6845 6846,0.000100000000
6846 6847,0.000100000000
6847 6848,0.000100000000
6848 6849,0.000100000000
