1448 1449,0.000100000000
1449 1450,0.000100000000
145 146,0.000100000000
1450 1451,0.000100000000
1451 1452,0.000100000000
1452 1453,0.000100000000
1453 1454,0.000100000000
1454 1455,0.000100000000
1455 1456,0.000100000000
1456 1457,0.000100000000
1457 1458,0.000100000000
1458 1459,0.000100000000
1459 1460,0.000100000000
146 147,0.000100000000
1460 1461,0.000100000000
1461 1462,0.000100000000
1462 1463,0.000100000000
1463 1464,0.000100000000
1464 1465,0.000100000000
1465 1466,0.000100000000
1466 1467,0.000100000000
1467 1468,0.000100000000
1468 1469,0.000100000000
1469 1470,0.000100000000
147 148,0.000100000000
1470 1471,0.000100000000
1471 1472,0.000100000000
1472 1473,0.000100000000
1473 1474,0.000100000000
1474 1475,0.000100000000
1475 1476,0.000100000000
1476 1477,0.000100000000
1477 1478,0.000100000000
1478 1479,0.000100000000
1479 1480,0.000100000000
148 149,0.000100000000
1480 1481,0.000100000000
1481 1482,0.000100000000
1482 1483,0.000100000000
1483 1484,0.000100000000
1484 1485,0.000100000000
1485 1486,0.000100000000
1486 1487,0.000100000000
1487 1488,0.000100000000
1488 1489,0.000100000000
1489 1490,0.000100000000
149 150,0.000100000000
1490 1491,0.000100000000
1491 1492,0.000100000000
1492 1493,0.000100000000
1493 1494,0.000100000000
1494 1495,0.000100000000
1495 1496,0.000100000000
1496 1497,0.000100000000
1497 1498,0.000100000000
1498 1499,0.000100000000
1499 1500,0.000100000000
15 16,0.000100000000
150 151,0.000100000000
1500 1501,0.000100000000
1501 1502,0.000100000000
1502 1503,0.000100000000
1503 1504,0.000100000000
1504 1505,0.000100000000
1505 1506,0.000100000000
1506 1507,0.000100000000
1507 1508,0.000100000000
1508 1509,0.000100000000
1509 1510,0.000100000000
151 152,0.000100000000
1510 1511,0.000100000000
1511 1512,0.000100000000
1512 1513,0.000100000000
1513 1514,0.000100000000
1514 1515,0.000100000000
1515 1516,0.000100000000
1516 1517,0.000100000000
1517 1518,0.000100000000
1518 1519,0.000100000000
1519 1520,0.000100000000
152 153,0.000100000000
1520 1521,0.000100000000
1521 1522,0.000100000000
1522 1523,0.000100000000
1523 1524,0.000100000000
1524 1525,0.000100000000
1525 1526,0.000100000000
1526 1527,0.000100000000
1527 1528,0.000100000000
1528 1529,0.000100000000
1529 1530,0.000100000000
153 154,0.000100000000
1530 1531,0.000100000000
1531 1532,0.000100000000
1532 1533,0.000100000000
1533 1534,0.000100000000
1534 1535,0.000100000000
1535 1536,0.000100000000
1536 1537,0.000100000000
1537 1538,0.000100000000
1538 1539,0.000100000000
1539 1540,0.000100000000
154 155,0.000100000000
1540 1541,0.000100000000
1541 1542,0.000100000000
1542 1543,0.000100000000
1543 1544,0.000100000000
1544 1545,0.000100000000
1545 1546,0.000100000000
1546 1547,0.000100000000
1547 1548,0.000100000000
1548 1549,0.000100000000
1549 1550,0.000100000000
155 156,0.000100000000
1550 1551,0.000100000000
1551 1552,0.000100000000
1552 1553,0.000100000000
1553 1554,0.000100000000
1554 1555,0.000100000000
1555 1556,0.000100000000
1556 1557,0.000100000000
1557 1558,0.000100000000
1558 1559,0.000100000000
1559 1560,0.000100000000
156 157,0.000100000000
1560 1561,0.000100000000
1561 1562,0.000100000000
1562 1563,0.000100000000
1563 1564,0.000100000000
1564 1565,0.000100000000
1565 1566,0.000100000000
1566 1567,0.000100000000
1567 1568,0.000100000000
1568 1569,0.000100000000
1569 1570,0.000100000000
157 158,0.000100000000
1570 1571,0.000100000000
1571 1572,0.000100000000
1572 1573,0.000100000000
1573 1574,0.000100000000
1574 1575,0.000100000000
1575 1576,0.000100000000
1576 1577,0.000100000000
1577 1578,0.000100000000
1578 1579,0.000100000000
1579 1580,0.000100000000
158 159,0.000100000000
1580 1581,0.000100000000
1581 1582,0.000100000000
1582 1583,0.000100000000
1583 1584,0.000100000000
1584 1585,0.000100000000
1585 1586,0.000100000000
1586 1587,0.000100000000
1587 1588,0.000100000000
1588 1589,0.000100000000
1589 1590,0.000100000000
159 160,0.000100000000
1590 1591,0.000100000000
1591 1592,0.000100000000
1592 1593,0.000100000000
1593 1594,0.000100000000
1594 1595,0.000100000000
1595 1596,0.000100000000
1596 1597,0.000100000000
1597 1598,0.000100000000
1598 1599,0.000100000000
1599 1600,0.000100000000
16 17,0.000100000000
160 161,0.000100000000
1600 1601,0.000100000000
1601 1602,0.000100000000
1602 1603,0.000100000000
1603 1604,0.000100000000
1604 1605,0.000100000000
1605 1606,0.000100000000
1606 1607,0.000100000000
1607 1608,0.000100000000
1608 1609,0.000100000000
1609 1610,0.000100000000
161 162,0.000100000000
1610 1611,0.000100000000
1611 1612,0.000100000000
1612 1613,0.000100000000
1613 1614,0.000100000000
1614 1615,0.000100000000
1615 1616,0.000100000000
1616 1617,0.000100000000
1617 1618,0.000100000000
1618 1619,0.000100000000
1619 1620,0.000100000000
162 163,0.000100000000
1620 1621,0.000100000000
1621 1622,0.000100000000
1622 1623,0.000100000000
1623 1624,0.000100000000
1624 1625,0.000100000000
1625 1626,0.000100000000
1626 1627,0.000100000000
1627 1628,0.000100000000
1628 1629,0.000100000000
1629 1630,0.000100000000
163 164,0.000100000000
1630 1631,0.000100000000
1631 1632,0.000100000000
1632 1633,0.000100000000
1633 1634,0.000100000000
1634 1635,0.000100000000
1635 1636,0.000100000000
1636 1637,0.000100000000
1637 1638,0.000100000000
1638 1639,0.000100000000
1639 1640,0.000100000000
164 165,0.000100000000
1640 1641,0.000100000000
1641 1642,0.000100000000
1642 1643,0.000100000000
1643 1644,0.000100000000
1644 1645,0.000100000000
1645 1646,0.000100000000
1646 1647,0.000100000000
1647 1648,0.000100000000
1648 1649,0.000100000000
1649 1650,0.000100000000
165 166,0.000100000000
1650 1651,0.000100000000
1651 1652,0.000100000000
1652 1653,0.000100000000
1653 1654,0.000100000000
1654 1655,0.000100000000
1655 1656,0.000100000000
1656 1657,0.000100000000
1657 1658,0.000100000000
1658 1659,0.000100000000
1659 1660,0.000100000000
166 167,0.000100000000
1660 1661,0.000100000000
1661 1662,0.000100000000
1662 1663,0.000100000000
1663 1664,0.000100000000
1664 1665,0.000100000000
1665 1666,0.000100000000
1666 1667,0.000100000000
1667 1668,0.000100000000
1668 1669,0.000100000000
1669 1670,0.000100000000
167 168,0.000100000000
1670 1671,0.000100000000
1671 1672,0.000100000000
1672 1673,0.000100000000
1673 1674,0.000100000000
1674 1675,0.000100000000
1675 1676,0.000100000000
1676 1677,0.000100000000
1677 1678,0.000100000000
1678 1679,0.000100000000
1679 1680,0.000100000000
168 169,0.000100000000
1680 1681,0.000100000000
1681 1682,0.000100000000
1682 1683,0.000100000000
1683 1684,0.000100000000
1684 1685,0.000100000000
1685 1686,0.000100000000
1686 1687,0.000100000000
1687 1688,0.000100000000
1688 1689,0.000100000000
1689 1690,0.000100000000
169 170,0.000100000000
1690 1691,0.000100000000
1691 1692,0.000100000000
1692 1693,0.000100000000
1693 1694,0.000100000000
1694 1695,0.000100000000
1695 1696,0.000100000000
1696 1697,0.000100000000
1697 1698,0.000100000000
1698 1699,0.000100000000
1699 1700,0.000100000000
17 18,0.000100000000
170 171,0.000100000000
1700 1701,0.000100000000
1701 1702,0.000100000000
1702 1703,0.000100000000
1703 1704,0.000100000000
1704 1705,0.000100000000
1705 1706,0.000100000000
1706 1707,0.000100000000
1707 1708,0.000100000000
1708 1709,0.000100000000
1709 1710,0.000100000000
171 172,0.000100000000
1710 1711,0.000100000000
1711 1712,0.000100000000
1712 1713,0.000100000000
1713 1714,0.000100000000
1714 1715,0.000100000000
1715 1716,0.000100000000
1716 1717,0.000100000000
1717 1718,0.000100000000
1718 1719,0.000100000000
1719 1720,0.000100000000
172 173,0.000100000000
1720 1721,0.000100000000
1721 1722,0.000100000000
1722 1723,0.000100000000
1723 1724,0.000100000000
1724 1725,0.000100000000
1725 1726,0.000100000000
1726 1727,0.000100000000
1727 1728,0.000100000000
1728 1729,0.000100000000
1729 1730,0.000100000000
173 174,0.000100000000
1730 1731,0.000100000000
1731 1732,0.000100000000
1732 1733,0.000100000000
1733 1734,0.000100000000
1734 1735,0.000100000000
1735 1736,0.000100000000
1736 1737,0.000100000000
1737 1738,0.000100000000
1738 1739,0.000100000000
1739 1740,0.000100000000
174 175,0.000100000000
1740 1741,0.000100000000
1741 1742,0.000100000000
1742 1743,0.000100000000
1743 1744,0.000100000000
1744 1745,0.000100000000
1745 1746,0.000100000000
1746 1747,0.000100000000
1747 1748,0.000100000000
1748 1749,0.000100000000
1749 1750,0.000100000000
175 176,0.000100000000
1750 1751,0.000100000000
1751 1752,0.000100000000
1752 1753,0.000100000000
1753 1754,0.000100000000
1754 1755,0.000100000000
1755 1756,0.000100000000
1756 1757,0.000100000000
1757 1758,0.000100000000
1758 1759,0.000100000000
1759 1760,0.000100000000
176 177,0.000100000000
1760 1761,0.000100000000
1761 1762,0.000100000000
1762 1763,0.000100000000
1763 1764,0.000100000000
1764 1765,0.000100000000
1765 1766,0.000100000000
1766 1767,0.000100000000
1767 1768,0.000100000000
1768 1769,0.000100000000
1769 1770,0.000100000000
177 178,0.000100000000
1770 1771,0.000100000000
1771 1772,0.000100000000
1772 1773,0.000100000000
1773 1774,0.000100000000
1774 1775,0.000100000000
1775 1776,0.000100000000
1776 1777,0.000100000000
1777 1778,0.000100000000
1778 1779,0.000100000000
1779 1780,0.000100000000
178 179,0.000100000000
1780 1781,0.000100000000
1781 1782,0.000100000000
1782 1783,0.000100000000
1783 1784,0.000100000000
1784 1785,0.000100000000
1785 1786,0.000100000000
1786 1787,0.000100000000
1787 1788,0.000100000000
1788 1789,0.000100000000
1789 1790,0.000100000000
179 180,0.000100000000
1790 1791,0.000100000000
1791 1792,0.000100000000
1792 1793,0.000100000000
1793 1794,0.000100000000
1794 1795,0.000100000000
1795 1796,0.000100000000
1796 1797,0.000100000000
1797 1798,0.000100000000
1798 1799,0.000100000000
1799 1800,0.000100000000
18 19,0.000100000000
180 181,0.000100000000
1800 1801,0.000100000000
1801 1802,0.000100000000
1802 1803,0.000100000000
1803 1804,0.000100000000
1804 1805,0.000100000000
1805 1806,0.000100000000
1806 1807,0.000100000000
1807 1808,0.000100000000
1808 1809,0.000100000000
1809 1810,0.000100000000
181 182,0.000100000000
1810 1811,0.000100000000
1811 1812,0.000100000000
1812 1813,0.000100000000
1813 1814,0.000100000000
1814 1815,0.000100000000
1815 1816,0.000100000000
1816 1817,0.000100000000
1817 1818,0.000100000000
1818 1819,0.000100000000
1819 1820,0.000100000000
182 183,0.000100000000
1820 1821,0.000100000000
1821 1822,0.000100000000
1822 1823,0.000100000000
1823 1824,0.000100000000
1824 1825,0.000100000000
1825 1826,0.000100000000
1826 1827,0.000100000000
1827 1828,0.000100000000
1828 1829,0.000100000000
1829 1830,0.000100000000
183 184,0.000100000000
1830 1831,0.000100000000
1831 1832,0.000100000000
1832 1833,0.000100000000
1833 1834,0.000100000000
1834 1835,0.000100000000
1835 1836,0.000100000000
1836 1837,0.000100000000
1837 1838,0.000100000000
1838 1839,0.000100000000
1839 1840,0.000100000000
184 185,0.000100000000
1840 1841,0.000100000000
1841 1842,0.000100000000
1842 1843,0.000100000000
1843 1844,0.000100000000
1844 1845,0.000100000000
1845 1846,0.000100000000
1846 1847,0.000100000000
1847 1848,0.000100000000
1848 1849,0.000100000000
1849 1850,0.000100000000
185 186,0.000100000000
1850 1851,0.000100000000
1851 1852,0.000100000000
1852 1853,0.000100000000
1853 1854,0.000100000000
1854 1855,0.000100000000
1855 1856,0.000100000000
1856 1857,0.000100000000
1857 1858,0.000100000000
1858 1859,0.000100000000
1859 1860,0.000100000000
186 187,0.000100000000
1860 1861,0.000100000000
1861 1862,0.000100000000
1862 1863,0.000100000000
1863 1864,0.000100000000
1864 1865,0.000100000000
1865 1866,0.000100000000
1866 1867,0.000100000000
1867 1868,0.000100000000
1868 1869,0.000100000000
1869 1870,0.000100000000
187 188,0.000100000000
1870 1871,0.000100000000
1871 1872,0.000100000000
1872 1873,0.000100000000
1873 1874,0.000100000000
1874 1875,0.000100000000
1875 1876,0.000100000000
1876 1877,0.000100000000
1877 1878,0.000100000000
1878 1879,0.000100000000
1879 1880,0.000100000000
188 189,0.000100000000
1880 1881,0.000100000000
1881 1882,0.000100000000
1882 1883,0.000100000000
1883 1884,0.000100000000
1884 1885,0.000100000000
1885 1886,0.000100000000
1886 1887,0.000100000000
1887 1888,0.000100000000
1888 1889,0.000100000000
1889 1890,0.000100000000
189 190,0.000100000000
1890 1891,0.000100000000
1891 1892,0.000100000000
1892 1893,0.000100000000
1893 1894,0.000100000000
1894 1895,0.000100000000
1895 1896,0.000100000000
1896 1897,0.000100000000
1897 1898,0.000100000000
1898 1899,0.000100000000
