(4799,1.0470069929669521E-4)
(4800,1.0470069929669521E-4)
(4801,1.5888125735610845E-5)
(4802,2.9391220523344354E-5)
(4803,4.086705694684288E-5)
(4804,5.061974152456418E-5)
(4805,5.890776462131795E-5)
(4806,6.595084287305437E-5)
(4807,7.193573524791715E-5)
(4808,7.702118669812164E-5)
(4809,8.134213026403417E-5)
(4810,8.501325886262295E-5)
(4811,1.0470069929669521E-4)
(4812,1.0470069929669521E-4)
(4813,1.0470069929669521E-4)
(4814,1.0470069929669521E-4)
(4815,1.0470069929669521E-4)
(4816,1.0470069929669521E-4)
(4817,1.0470069929669521E-4)
(4818,1.0470069929669521E-4)
(4819,1.0470069929669521E-4)
(4820,1.0470069929669521E-4)
(4821,1.0470069929669521E-4)
(4822,1.0470069929669521E-4)
(4823,1.0470069929669521E-4)
(4824,1.0470069929669521E-4)
(4825,1.0470069929669521E-4)
(4826,1.0470069929669521E-4)
(4827,1.0470069929669521E-4)
(4828,1.0470069929669521E-4)
(4829,1.0470069929669521E-4)
(4830,1.0470069929669521E-4)
(4831,1.0470069929669521E-4)
(4832,1.0470069929669521E-4)
(4833,1.0470069929669521E-4)
(4834,1.0470069929669521E-4)
(4835,1.0470069929669521E-4)
(4836,1.0470069929669521E-4)
(4837,1.0470069929669521E-4)
(4838,1.0470069929669521E-4)
(4839,1.0470069929669521E-4)
(4840,1.0470069929669521E-4)
(4841,1.0470069929669521E-4)
(4842,1.0470069929669521E-4)
(4843,1.0470069929669521E-4)
(4844,1.0470069929669521E-4)
(4845,1.0470069929669521E-4)
(4846,1.0470069929669521E-4)
(4847,1.0470069929669521E-4)
(4848,1.0470069929669521E-4)
(4849,1.0470069929669521E-4)
(4850,1.0470069929669521E-4)
(4851,1.0470069929669521E-4)
(4852,1.0470069929669521E-4)
(4853,1.0470069929669521E-4)
(4854,1.0470069929669521E-4)
(4855,1.0470069929669521E-4)
(4856,1.0470069929669521E-4)
(4857,1.0470069929669521E-4)
(4858,1.0470069929669521E-4)
(4859,1.0470069929669521E-4)
(4860,1.0470069929669521E-4)
(4861,1.0470069929669521E-4)
(4862,1.0470069929669521E-4)
(4863,1.0470069929669521E-4)
(4864,1.0470069929669521E-4)
(4865,1.0470069929669521E-4)
(4866,1.0470069929669521E-4)
(4867,1.0470069929669521E-4)
(4868,1.0470069929669521E-4)
(4869,1.0470069929669521E-4)
(4870,1.0470069929669521E-4)
(4871,1.0470069929669521E-4)
(4872,1.0470069929669521E-4)
(4873,1.0470069929669521E-4)
(4874,1.0470069929669521E-4)
(4875,1.0470069929669521E-4)
(4876,1.0470069929669521E-4)
(4877,1.0470069929669521E-4)
(4878,1.0470069929669521E-4)
(4879,1.0470069929669521E-4)
(4880,1.0470069929669521E-4)
(4881,1.0470069929669521E-4)
(4882,1.0470069929669521E-4)
(4883,1.0470069929669521E-4)
(4884,1.0470069929669521E-4)
(4885,1.0470069929669521E-4)
(4886,1.0470069929669521E-4)
(4887,1.0470069929669521E-4)
(4888,1.0470069929669521E-4)
(4889,1.0470069929669521E-4)
(4890,1.0470069929669521E-4)
(4891,1.0470069929669521E-4)
(4892,1.0470069929669521E-4)
(4893,1.0470069929669521E-4)
(4894,1.0470069929669521E-4)
(4895,1.0470069929669521E-4)
(4896,1.0470069929669521E-4)
(4897,1.0470069929669521E-4)
(4898,1.0470069929669521E-4)
(4899,1.0470069929669521E-4)
(4900,1.0470069929669521E-4)
(4901,1.5888125735610845E-5)
(4902,2.9391220523344354E-5)
(4903,4.086705694684288E-5)
(4904,5.061974152456418E-5)
(4905,5.890776462131795E-5)
(4906,6.595084287305437E-5)
(4907,7.193573524791715E-5)
(4908,7.702118669812164E-5)
(4909,8.134213026403417E-5)
(4910,8.501325886262295E-5)
(4911,1.0470069929669521E-4)
(4912,1.0470069929669521E-4)
(4913,1.0470069929669521E-4)
(4914,1.0470069929669521E-4)
(4915,1.0470069929669521E-4)
(4916,1.0470069929669521E-4)
(4917,1.0470069929669521E-4)
(4918,1.0470069929669521E-4)
(4919,1.0470069929669521E-4)
(4920,1.0470069929669521E-4)
(4921,1.0470069929669521E-4)
(4922,1.0470069929669521E-4)
(4923,1.0470069929669521E-4)
(4924,1.0470069929669521E-4)
(4925,1.0470069929669521E-4)
(4926,1.0470069929669521E-4)
(4927,1.0470069929669521E-4)
(4928,1.0470069929669521E-4)
(4929,1.0470069929669521E-4)
(4930,1.0470069929669521E-4)
(4931,1.0470069929669521E-4)
(4932,1.0470069929669521E-4)
(4933,1.0470069929669521E-4)
(4934,1.0470069929669521E-4)
(4935,1.0470069929669521E-4)
(4936,1.0470069929669521E-4)
(4937,1.0470069929669521E-4)
(4938,1.0470069929669521E-4)
(4939,1.0470069929669521E-4)
(4940,1.0470069929669521E-4)
(4941,1.0470069929669521E-4)
(4942,1.0470069929669521E-4)
(4943,1.0470069929669521E-4)
(4944,1.0470069929669521E-4)
(4945,1.0470069929669521E-4)
(4946,1.0470069929669521E-4)
(4947,1.0470069929669521E-4)
(4948,1.0470069929669521E-4)
(4949,1.0470069929669521E-4)
(4950,1.0470069929669521E-4)
(4951,1.0470069929669521E-4)
(4952,1.0470069929669521E-4)
(4953,1.0470069929669521E-4)
(4954,1.0470069929669521E-4)
(4955,1.0470069929669521E-4)
(4956,1.0470069929669521E-4)
(4957,1.0470069929669521E-4)
(4958,1.0470069929669521E-4)
(4959,1.0470069929669521E-4)
(4960,1.0470069929669521E-4)
(4961,1.0470069929669521E-4)
(4962,1.0470069929669521E-4)
(4963,1.0470069929669521E-4)
(4964,1.0470069929669521E-4)
(4965,1.0470069929669521E-4)
(4966,1.0470069929669521E-4)
(4967,1.0470069929669521E-4)
(4968,1.0470069929669521E-4)
(4969,1.0470069929669521E-4)
(4970,1.0470069929669521E-4)
(4971,1.0470069929669521E-4)
(4972,1.0470069929669521E-4)
(4973,1.0470069929669521E-4)
(4974,1.0470069929669521E-4)
(4975,1.0470069929669521E-4)
(4976,1.0470069929669521E-4)
(4977,1.0470069929669521E-4)
(4978,1.0470069929669521E-4)
(4979,1.0470069929669521E-4)
(4980,1.0470069929669521E-4)
(4981,1.0470069929669521E-4)
(4982,1.0470069929669521E-4)
(4983,1.0470069929669521E-4)
(4984,1.0470069929669521E-4)
(4985,1.0470069929669521E-4)
(4986,1.0470069929669521E-4)
(4987,1.0470069929669521E-4)
(4988,1.0470069929669521E-4)
(4989,1.0470069929669521E-4)
(4990,1.0470069929669521E-4)
(4991,1.0470069929669521E-4)
(4992,1.0470069929669521E-4)
(4993,1.0470069929669521E-4)
(4994,1.0470069929669521E-4)
(4995,1.0470069929669521E-4)
(4996,1.0470069929669521E-4)
(4997,1.0470069929669521E-4)
(4998,1.0470069929669521E-4)
(4999,1.0470069929669521E-4)
(5000,1.0470069929669521E-4)
(5001,1.5888125735610845E-5)
(5002,2.9391220523344354E-5)
(5003,4.086705694684288E-5)
(5004,5.061974152456418E-5)
(5005,5.890776462131795E-5)
(5006,6.595084287305437E-5)
(5007,7.193573524791715E-5)
(5008,7.702118669812164E-5)
(5009,8.134213026403417E-5)
(5010,8.501325886262295E-5)
(5011,1.0470069929669521E-4)
(5012,1.0470069929669521E-4)
(5013,1.0470069929669521E-4)
(5014,1.0470069929669521E-4)
(5015,1.0470069929669521E-4)
(5016,1.0470069929669521E-4)
(5017,1.0470069929669521E-4)
(5018,1.0470069929669521E-4)
(5019,1.0470069929669521E-4)
(5020,1.0470069929669521E-4)
(5021,1.0470069929669521E-4)
(5022,1.0470069929669521E-4)
(5023,1.0470069929669521E-4)
(5024,1.0470069929669521E-4)
(5025,1.0470069929669521E-4)
(5026,1.0470069929669521E-4)
(5027,1.0470069929669521E-4)
(5028,1.0470069929669521E-4)
(5029,1.0470069929669521E-4)
(5030,1.0470069929669521E-4)
(5031,1.0470069929669521E-4)
(5032,1.0470069929669521E-4)
(5033,1.0470069929669521E-4)
(5034,1.0470069929669521E-4)
(5035,1.0470069929669521E-4)
(5036,1.0470069929669521E-4)
(5037,1.0470069929669521E-4)
(5038,1.0470069929669521E-4)
(5039,1.0470069929669521E-4)
(5040,1.0470069929669521E-4)
(5041,1.0470069929669521E-4)
(5042,1.0470069929669521E-4)
(5043,1.0470069929669521E-4)
(5044,1.0470069929669521E-4)
(5045,1.0470069929669521E-4)
(5046,1.0470069929669521E-4)
(5047,1.0470069929669521E-4)
(5048,1.0470069929669521E-4)
(5049,1.0470069929669521E-4)
(5050,1.0470069929669521E-4)
(5051,1.0470069929669521E-4)
(5052,1.0470069929669521E-4)
(5053,1.0470069929669521E-4)
(5054,1.0470069929669521E-4)
(5055,1.0470069929669521E-4)
(5056,1.0470069929669521E-4)
(5057,1.0470069929669521E-4)
(5058,1.0470069929669521E-4)
(5059,1.0470069929669521E-4)
(5060,1.0470069929669521E-4)
(5061,1.0470069929669521E-4)
(5062,1.0470069929669521E-4)
(5063,1.0470069929669521E-4)
(5064,1.0470069929669521E-4)
(5065,1.0470069929669521E-4)
(5066,1.0470069929669521E-4)
(5067,1.0470069929669521E-4)
(5068,1.0470069929669521E-4)
(5069,1.0470069929669521E-4)
(5070,1.0470069929669521E-4)
(5071,1.0470069929669521E-4)
(5072,1.0470069929669521E-4)
(5073,1.0470069929669521E-4)
(5074,1.0470069929669521E-4)
(5075,1.0470069929669521E-4)
(5076,1.0470069929669521E-4)
(5077,1.0470069929669521E-4)
(5078,1.0470069929669521E-4)
(5079,1.0470069929669521E-4)
(5080,1.0470069929669521E-4)
(5081,1.0470069929669521E-4)
(5082,1.0470069929669521E-4)
(5083,1.0470069929669521E-4)
(5084,1.0470069929669521E-4)
(5085,1.0470069929669521E-4)
(5086,1.0470069929669521E-4)
(5087,1.0470069929669521E-4)
(5088,1.0470069929669521E-4)
(5089,1.0470069929669521E-4)
(5090,1.0470069929669521E-4)
(5091,1.0470069929669521E-4)
(5092,1.0470069929669521E-4)
(5093,1.0470069929669521E-4)
(5094,1.0470069929669521E-4)
(5095,1.0470069929669521E-4)
(5096,1.0470069929669521E-4)
(5097,1.0470069929669521E-4)
(5098,1.0470069929669521E-4)
(5099,1.0470069929669521E-4)
(5100,1.0470069929669521E-4)
(5101,1.5888125735610845E-5)
(5102,2.9391220523344354E-5)
(5103,4.086705694684288E-5)
(5104,5.061974152456418E-5)
(5105,5.890776462131795E-5)
(5106,6.595084287305437E-5)
(5107,7.193573524791715E-5)
(5108,7.702118669812164E-5)
(5109,8.134213026403417E-5)
(5110,8.501325886262295E-5)
(5111,1.0470069929669521E-4)
(5112,1.0470069929669521E-4)
(5113,1.0470069929669521E-4)
(5114,1.0470069929669521E-4)
(5115,1.0470069929669521E-4)
(5116,1.0470069929669521E-4)
(5117,1.0470069929669521E-4)
(5118,1.0470069929669521E-4)
(5119,1.0470069929669521E-4)
(5120,1.0470069929669521E-4)
(5121,1.0470069929669521E-4)
(5122,1.0470069929669521E-4)
(5123,1.0470069929669521E-4)
(5124,1.0470069929669521E-4)
(5125,1.0470069929669521E-4)
(5126,1.0470069929669521E-4)
(5127,1.0470069929669521E-4)
(5128,1.0470069929669521E-4)
(5129,1.0470069929669521E-4)
(5130,1.0470069929669521E-4)
(5131,1.0470069929669521E-4)
(5132,1.0470069929669521E-4)
(5133,1.0470069929669521E-4)
(5134,1.0470069929669521E-4)
(5135,1.0470069929669521E-4)
(5136,1.0470069929669521E-4)
(5137,1.0470069929669521E-4)
(5138,1.0470069929669521E-4)
(5139,1.0470069929669521E-4)
(5140,1.0470069929669521E-4)
(5141,1.0470069929669521E-4)
(5142,1.0470069929669521E-4)
(5143,1.0470069929669521E-4)
(5144,1.0470069929669521E-4)
(5145,1.0470069929669521E-4)
(5146,1.0470069929669521E-4)
(5147,1.0470069929669521E-4)
(5148,1.0470069929669521E-4)
(5149,1.0470069929669521E-4)
(5150,1.0470069929669521E-4)
(5151,1.0470069929669521E-4)
(5152,1.0470069929669521E-4)
(5153,1.0470069929669521E-4)
(5154,1.0470069929669521E-4)
(5155,1.0470069929669521E-4)
(5156,1.0470069929669521E-4)
(5157,1.0470069929669521E-4)
(5158,1.0470069929669521E-4)
(5159,1.0470069929669521E-4)
(5160,1.0470069929669521E-4)
(5161,1.0470069929669521E-4)
(5162,1.0470069929669521E-4)
(5163,1.0470069929669521E-4)
(5164,1.0470069929669521E-4)
(5165,1.0470069929669521E-4)
(5166,1.0470069929669521E-4)
(5167,1.0470069929669521E-4)
(5168,1.0470069929669521E-4)
(5169,1.0470069929669521E-4)
(5170,1.0470069929669521E-4)
(5171,1.0470069929669521E-4)
(5172,1.0470069929669521E-4)
(5173,1.0470069929669521E-4)
(5174,1.0470069929669521E-4)
(5175,1.0470069929669521E-4)
(5176,1.0470069929669521E-4)
(5177,1.0470069929669521E-4)
(5178,1.0470069929669521E-4)
(5179,1.0470069929669521E-4)
(5180,1.0470069929669521E-4)
(5181,1.0470069929669521E-4)
(5182,1.0470069929669521E-4)
(5183,1.0470069929669521E-4)
(5184,1.0470069929669521E-4)
(5185,1.0470069929669521E-4)
(5186,1.0470069929669521E-4)
(5187,1.0470069929669521E-4)
(5188,1.0470069929669521E-4)
(5189,1.0470069929669521E-4)
(5190,1.0470069929669521E-4)
(5191,1.0470069929669521E-4)
(5192,1.0470069929669521E-4)
(5193,1.0470069929669521E-4)
(5194,1.0470069929669521E-4)
(5195,1.0470069929669521E-4)
(5196,1.0470069929669521E-4)
(5197,1.0470069929669521E-4)
(5198,1.0470069929669521E-4)
(5199,1.0470069929669521E-4)
(5200,1.0470069929669521E-4)
(5201,1.5888125735610845E-5)
(5202,2.9391220523344354E-5)
(5203,4.086705694684288E-5)
(5204,5.061974152456418E-5)
(5205,5.890776462131795E-5)
(5206,6.595084287305437E-5)
(5207,7.193573524791715E-5)
(5208,7.702118669812164E-5)
(5209,8.134213026403417E-5)
(5210,8.501325886262295E-5)
(5211,1.0470069929669521E-4)
(5212,1.0470069929669521E-4)
(5213,1.0470069929669521E-4)
(5214,1.0470069929669521E-4)
(5215,1.0470069929669521E-4)
(5216,1.0470069929669521E-4)
(5217,1.0470069929669521E-4)
(5218,1.0470069929669521E-4)
(5219,1.0470069929669521E-4)
(5220,1.0470069929669521E-4)
(5221,1.0470069929669521E-4)
(5222,1.0470069929669521E-4)
(5223,1.0470069929669521E-4)
(5224,1.0470069929669521E-4)
(5225,1.0470069929669521E-4)
(5226,1.0470069929669521E-4)
(5227,1.0470069929669521E-4)
(5228,1.0470069929669521E-4)
(5229,1.0470069929669521E-4)
(5230,1.0470069929669521E-4)
(5231,1.0470069929669521E-4)
(5232,1.0470069929669521E-4)
(5233,1.0470069929669521E-4)
(5234,1.0470069929669521E-4)
(5235,1.0470069929669521E-4)
(5236,1.0470069929669521E-4)
(5237,1.0470069929669521E-4)
(5238,1.0470069929669521E-4)
(5239,1.0470069929669521E-4)
(5240,1.0470069929669521E-4)
(5241,1.0470069929669521E-4)
(5242,1.0470069929669521E-4)
(5243,1.0470069929669521E-4)
(5244,1.0470069929669521E-4)
(5245,1.0470069929669521E-4)
(5246,1.0470069929669521E-4)
(5247,1.0470069929669521E-4)
(5248,1.0470069929669521E-4)
(5249,1.0470069929669521E-4)
(5250,1.0470069929669521E-4)
(5251,1.0470069929669521E-4)
(5252,1.0470069929669521E-4)
(5253,1.0470069929669521E-4)
(5254,1.0470069929669521E-4)
(5255,1.0470069929669521E-4)
(5256,1.0470069929669521E-4)
(5257,1.0470069929669521E-4)
(5258,1.0470069929669521E-4)
(5259,1.0470069929669521E-4)
(5260,1.0470069929669521E-4)
(5261,1.0470069929669521E-4)
(5262,1.0470069929669521E-4)
(5263,1.0470069929669521E-4)
(5264,1.0470069929669521E-4)
(5265,1.0470069929669521E-4)
(5266,1.0470069929669521E-4)
(5267,1.0470069929669521E-4)
(5268,1.0470069929669521E-4)
(5269,1.0470069929669521E-4)
(5270,1.0470069929669521E-4)
(5271,1.0470069929669521E-4)
(5272,1.0470069929669521E-4)
(5273,1.0470069929669521E-4)
(5274,1.0470069929669521E-4)
(5275,1.0470069929669521E-4)
(5276,1.0470069929669521E-4)
(5277,1.0470069929669521E-4)
(5278,1.0470069929669521E-4)
(5279,1.0470069929669521E-4)
(5280,1.0470069929669521E-4)
(5281,1.0470069929669521E-4)
(5282,1.0470069929669521E-4)
(5283,1.0470069929669521E-4)
(5284,1.0470069929669521E-4)
(5285,1.0470069929669521E-4)
(5286,1.0470069929669521E-4)
(5287,1.0470069929669521E-4)
(5288,1.0470069929669521E-4)
(5289,1.0470069929669521E-4)
(5290,1.0470069929669521E-4)
(5291,1.0470069929669521E-4)
(5292,1.0470069929669521E-4)
(5293,1.0470069929669521E-4)
(5294,1.0470069929669521E-4)
(5295,1.0470069929669521E-4)
(5296,1.0470069929669521E-4)
(5297,1.0470069929669521E-4)
(5298,1.0470069929669521E-4)
(5299,1.0470069929669521E-4)
(5300,1.0470069929669521E-4)
(5301,1.5888125735610845E-5)
(5302,2.9391220523344354E-5)
(5303,4.086705694684288E-5)
(5304,5.061974152456418E-5)
(5305,5.890776462131795E-5)
(5306,6.595084287305437E-5)
(5307,7.193573524791715E-5)
(5308,7.702118669812164E-5)
(5309,8.134213026403417E-5)
(5310,8.501325886262295E-5)
(5311,1.0470069929669521E-4)
(5312,1.0470069929669521E-4)
(5313,1.0470069929669521E-4)
(5314,1.0470069929669521E-4)
(5315,1.0470069929669521E-4)
(5316,1.0470069929669521E-4)
(5317,1.0470069929669521E-4)
(5318,1.0470069929669521E-4)
(5319,1.0470069929669521E-4)
(5320,1.0470069929669521E-4)
(5321,1.0470069929669521E-4)
(5322,1.0470069929669521E-4)
(5323,1.0470069929669521E-4)
(5324,1.0470069929669521E-4)
(5325,1.0470069929669521E-4)
(5326,1.0470069929669521E-4)
(5327,1.0470069929669521E-4)
(5328,1.0470069929669521E-4)
(5329,1.0470069929669521E-4)
(5330,1.0470069929669521E-4)
(5331,1.0470069929669521E-4)
(5332,1.0470069929669521E-4)
(5333,1.0470069929669521E-4)
(5334,1.0470069929669521E-4)
(5335,1.0470069929669521E-4)
(5336,1.0470069929669521E-4)
(5337,1.0470069929669521E-4)
(5338,1.0470069929669521E-4)
(5339,1.0470069929669521E-4)
(5340,1.0470069929669521E-4)
(5341,1.0470069929669521E-4)
(5342,1.0470069929669521E-4)
(5343,1.0470069929669521E-4)
(5344,1.0470069929669521E-4)
(5345,1.0470069929669521E-4)
(5346,1.0470069929669521E-4)
(5347,1.0470069929669521E-4)
(5348,1.0470069929669521E-4)
(5349,1.0470069929669521E-4)
(5350,1.0470069929669521E-4)
(5351,1.0470069929669521E-4)
(5352,1.0470069929669521E-4)
(5353,1.0470069929669521E-4)
(5354,1.0470069929669521E-4)
(5355,1.0470069929669521E-4)
(5356,1.0470069929669521E-4)
(5357,1.0470069929669521E-4)
(5358,1.0470069929669521E-4)
(5359,1.0470069929669521E-4)
(5360,1.0470069929669521E-4)
(5361,1.0470069929669521E-4)
(5362,1.0470069929669521E-4)
(5363,1.0470069929669521E-4)
(5364,1.0470069929669521E-4)
(5365,1.0470069929669521E-4)
(5366,1.0470069929669521E-4)
(5367,1.0470069929669521E-4)
(5368,1.0470069929669521E-4)
(5369,1.0470069929669521E-4)
(5370,1.0470069929669521E-4)
(5371,1.0470069929669521E-4)
(5372,1.0470069929669521E-4)
(5373,1.0470069929669521E-4)
(5374,1.0470069929669521E-4)
(5375,1.0470069929669521E-4)
(5376,1.0470069929669521E-4)
(5377,1.0470069929669521E-4)
(5378,1.0470069929669521E-4)
(5379,1.0470069929669521E-4)
(5380,1.0470069929669521E-4)
(5381,1.0470069929669521E-4)
(5382,1.0470069929669521E-4)
(5383,1.0470069929669521E-4)
(5384,1.0470069929669521E-4)
(5385,1.0470069929669521E-4)
(5386,1.0470069929669521E-4)
(5387,1.0470069929669521E-4)
(5388,1.0470069929669521E-4)
(5389,1.0470069929669521E-4)
(5390,1.0470069929669521E-4)
(5391,1.0470069929669521E-4)
(5392,1.0470069929669521E-4)
(5393,1.0470069929669521E-4)
(5394,1.0470069929669521E-4)
(5395,1.0470069929669521E-4)
(5396,1.0470069929669521E-4)
(5397,1.0470069929669521E-4)
(5398,1.0470069929669521E-4)
(5399,1.0470069929669521E-4)
(5400,1.0470069929669521E-4)
(5401,1.5888125735610845E-5)
(5402,2.9391220523344354E-5)
(5403,4.086705694684288E-5)
(5404,5.061974152456418E-5)
(5405,5.890776462131795E-5)
(5406,6.595084287305437E-5)
(5407,7.193573524791715E-5)
(5408,7.702118669812164E-5)
(5409,8.134213026403417E-5)
(5410,8.501325886262295E-5)
(5411,1.0470069929669521E-4)
(5412,1.0470069929669521E-4)
(5413,1.0470069929669521E-4)
(5414,1.0470069929669521E-4)
(5415,1.0470069929669521E-4)
(5416,1.0470069929669521E-4)
(5417,1.0470069929669521E-4)
(5418,1.0470069929669521E-4)
(5419,1.0470069929669521E-4)
(5420,1.0470069929669521E-4)
(5421,1.0470069929669521E-4)
(5422,1.0470069929669521E-4)
(5423,1.0470069929669521E-4)
(5424,1.0470069929669521E-4)
(5425,1.0470069929669521E-4)
(5426,1.0470069929669521E-4)
(5427,1.0470069929669521E-4)
(5428,1.0470069929669521E-4)
(5429,1.0470069929669521E-4)
(5430,1.0470069929669521E-4)
(5431,1.0470069929669521E-4)
(5432,1.0470069929669521E-4)
(5433,1.0470069929669521E-4)
(5434,1.0470069929669521E-4)
(5435,1.0470069929669521E-4)
(5436,1.0470069929669521E-4)
(5437,1.0470069929669521E-4)
(5438,1.0470069929669521E-4)
(5439,1.0470069929669521E-4)
(5440,1.0470069929669521E-4)
(5441,1.0470069929669521E-4)
(5442,1.0470069929669521E-4)
(5443,1.0470069929669521E-4)
(5444,1.0470069929669521E-4)
(5445,1.0470069929669521E-4)
(5446,1.0470069929669521E-4)
(5447,1.0470069929669521E-4)
(5448,1.0470069929669521E-4)
(5449,1.0470069929669521E-4)
(5450,1.0470069929669521E-4)
(5451,1.0470069929669521E-4)
(5452,1.0470069929669521E-4)
(5453,1.0470069929669521E-4)
(5454,1.0470069929669521E-4)
(5455,1.0470069929669521E-4)
(5456,1.0470069929669521E-4)
(5457,1.0470069929669521E-4)
(5458,1.0470069929669521E-4)
(5459,1.0470069929669521E-4)
(5460,1.0470069929669521E-4)
(5461,1.0470069929669521E-4)
(5462,1.0470069929669521E-4)
(5463,1.0470069929669521E-4)
(5464,1.0470069929669521E-4)
(5465,1.0470069929669521E-4)
(5466,1.0470069929669521E-4)
(5467,1.0470069929669521E-4)
(5468,1.0470069929669521E-4)
(5469,1.0470069929669521E-4)
(5470,1.0470069929669521E-4)
(5471,1.0470069929669521E-4)
(5472,1.0470069929669521E-4)
(5473,1.0470069929669521E-4)
(5474,1.0470069929669521E-4)
(5475,1.0470069929669521E-4)
(5476,1.0470069929669521E-4)
(5477,1.0470069929669521E-4)
(5478,1.0470069929669521E-4)
(5479,1.0470069929669521E-4)
(5480,1.0470069929669521E-4)
(5481,1.0470069929669521E-4)
(5482,1.0470069929669521E-4)
(5483,1.0470069929669521E-4)
(5484,1.0470069929669521E-4)
(5485,1.0470069929669521E-4)
(5486,1.0470069929669521E-4)
(5487,1.0470069929669521E-4)
(5488,1.0470069929669521E-4)
(5489,1.0470069929669521E-4)
(5490,1.0470069929669521E-4)
(5491,1.0470069929669521E-4)
(5492,1.0470069929669521E-4)
(5493,1.0470069929669521E-4)
(5494,1.0470069929669521E-4)
(5495,1.0470069929669521E-4)
(5496,1.0470069929669521E-4)
(5497,1.0470069929669521E-4)
(5498,1.0470069929669521E-4)
(5499,1.0470069929669521E-4)
(5500,1.0470069929669521E-4)
(5501,1.5888125735610845E-5)
(5502,2.9391220523344354E-5)
(5503,4.086705694684288E-5)
(5504,5.061974152456418E-5)
(5505,5.890776462131795E-5)
(5506,6.595084287305437E-5)
(5507,7.193573524791715E-5)
(5508,7.702118669812164E-5)
(5509,8.134213026403417E-5)
(5510,8.501325886262295E-5)
(5511,1.0470069929669521E-4)
(5512,1.0470069929669521E-4)
(5513,1.0470069929669521E-4)
(5514,1.0470069929669521E-4)
(5515,1.0470069929669521E-4)
(5516,1.0470069929669521E-4)
(5517,1.0470069929669521E-4)
(5518,1.0470069929669521E-4)
(5519,1.0470069929669521E-4)
(5520,1.0470069929669521E-4)
(5521,1.0470069929669521E-4)
(5522,1.0470069929669521E-4)
(5523,1.0470069929669521E-4)
(5524,1.0470069929669521E-4)
(5525,1.0470069929669521E-4)
(5526,1.0470069929669521E-4)
(5527,1.0470069929669521E-4)
(5528,1.0470069929669521E-4)
(5529,1.0470069929669521E-4)
(5530,1.0470069929669521E-4)
(5531,1.0470069929669521E-4)
(5532,1.0470069929669521E-4)
(5533,1.0470069929669521E-4)
(5534,1.0470069929669521E-4)
(5535,1.0470069929669521E-4)
(5536,1.0470069929669521E-4)
(5537,1.0470069929669521E-4)
(5538,1.0470069929669521E-4)
(5539,1.0470069929669521E-4)
(5540,1.0470069929669521E-4)
(5541,1.0470069929669521E-4)
(5542,1.0470069929669521E-4)
(5543,1.0470069929669521E-4)
(5544,1.0470069929669521E-4)
(5545,1.0470069929669521E-4)
(5546,1.0470069929669521E-4)
(5547,1.0470069929669521E-4)
(5548,1.0470069929669521E-4)
(5549,1.0470069929669521E-4)
(5550,1.0470069929669521E-4)
(5551,1.0470069929669521E-4)
(5552,1.0470069929669521E-4)
(5553,1.0470069929669521E-4)
(5554,1.0470069929669521E-4)
(5555,1.0470069929669521E-4)
(5556,1.0470069929669521E-4)
(5557,1.0470069929669521E-4)
(5558,1.0470069929669521E-4)
(5559,1.0470069929669521E-4)
(5560,1.0470069929669521E-4)
(5561,1.0470069929669521E-4)
(5562,1.0470069929669521E-4)
(5563,1.0470069929669521E-4)
(5564,1.0470069929669521E-4)
(5565,1.0470069929669521E-4)
(5566,1.0470069929669521E-4)
(5567,1.0470069929669521E-4)
(5568,1.0470069929669521E-4)
(5569,1.0470069929669521E-4)
(5570,1.0470069929669521E-4)
(5571,1.0470069929669521E-4)
(5572,1.0470069929669521E-4)
(5573,1.0470069929669521E-4)
(5574,1.0470069929669521E-4)
(5575,1.0470069929669521E-4)
(5576,1.0470069929669521E-4)
(5577,1.0470069929669521E-4)
(5578,1.0470069929669521E-4)
(5579,1.0470069929669521E-4)
(5580,1.0470069929669521E-4)
(5581,1.0470069929669521E-4)
(5582,1.0470069929669521E-4)
(5583,1.0470069929669521E-4)
(5584,1.0470069929669521E-4)
(5585,1.0470069929669521E-4)
(5586,1.0470069929669521E-4)
(5587,1.0470069929669521E-4)
(5588,1.0470069929669521E-4)
(5589,1.0470069929669521E-4)
(5590,1.0470069929669521E-4)
(5591,1.0470069929669521E-4)
(5592,1.0470069929669521E-4)
(5593,1.0470069929669521E-4)
(5594,1.0470069929669521E-4)
(5595,1.0470069929669521E-4)
(5596,1.0470069929669521E-4)
(5597,1.0470069929669521E-4)
(5598,1.0470069929669521E-4)
(5599,1.0470069929669521E-4)
(5600,1.0470069929669521E-4)
(5601,1.5888125735610845E-5)
(5602,2.9391220523344354E-5)
(5603,4.086705694684288E-5)
(5604,5.061974152456418E-5)
(5605,5.890776462131795E-5)
(5606,6.595084287305437E-5)
(5607,7.193573524791715E-5)
(5608,7.702118669812164E-5)
(5609,8.134213026403417E-5)
(5610,8.501325886262295E-5)
(5611,1.0470069929669521E-4)
(5612,1.0470069929669521E-4)
(5613,1.0470069929669521E-4)
(5614,1.0470069929669521E-4)
(5615,1.0470069929669521E-4)
(5616,1.0470069929669521E-4)
(5617,1.0470069929669521E-4)
(5618,1.0470069929669521E-4)
(5619,1.0470069929669521E-4)
(5620,1.0470069929669521E-4)
(5621,1.0470069929669521E-4)
(5622,1.0470069929669521E-4)
(5623,1.0470069929669521E-4)
(5624,1.0470069929669521E-4)
(5625,1.0470069929669521E-4)
(5626,1.0470069929669521E-4)
(5627,1.0470069929669521E-4)
(5628,1.0470069929669521E-4)
(5629,1.0470069929669521E-4)
(5630,1.0470069929669521E-4)
(5631,1.0470069929669521E-4)
(5632,1.0470069929669521E-4)
(5633,1.0470069929669521E-4)
(5634,1.0470069929669521E-4)
(5635,1.0470069929669521E-4)
(5636,1.0470069929669521E-4)
(5637,1.0470069929669521E-4)
(5638,1.0470069929669521E-4)
(5639,1.0470069929669521E-4)
(5640,1.0470069929669521E-4)
(5641,1.0470069929669521E-4)
(5642,1.0470069929669521E-4)
(5643,1.0470069929669521E-4)
(5644,1.0470069929669521E-4)
(5645,1.0470069929669521E-4)
(5646,1.0470069929669521E-4)
(5647,1.0470069929669521E-4)
(5648,1.0470069929669521E-4)
(5649,1.0470069929669521E-4)
(5650,1.0470069929669521E-4)
(5651,1.0470069929669521E-4)
(5652,1.0470069929669521E-4)
(5653,1.0470069929669521E-4)
(5654,1.0470069929669521E-4)
(5655,1.0470069929669521E-4)
(5656,1.0470069929669521E-4)
(5657,1.0470069929669521E-4)
(5658,1.0470069929669521E-4)
(5659,1.0470069929669521E-4)
(5660,1.0470069929669521E-4)
(5661,1.0470069929669521E-4)
(5662,1.0470069929669521E-4)
(5663,1.0470069929669521E-4)
(5664,1.0470069929669521E-4)
(5665,1.0470069929669521E-4)
(5666,1.0470069929669521E-4)
(5667,1.0470069929669521E-4)
(5668,1.0470069929669521E-4)
(5669,1.0470069929669521E-4)
(5670,1.0470069929669521E-4)
(5671,1.0470069929669521E-4)
(5672,1.0470069929669521E-4)
(5673,1.0470069929669521E-4)
(5674,1.0470069929669521E-4)
(5675,1.0470069929669521E-4)
(5676,1.0470069929669521E-4)
(5677,1.0470069929669521E-4)
(5678,1.0470069929669521E-4)
(5679,1.0470069929669521E-4)
(5680,1.0470069929669521E-4)
(5681,1.0470069929669521E-4)
(5682,1.0470069929669521E-4)
(5683,1.0470069929669521E-4)
(5684,1.0470069929669521E-4)
(5685,1.0470069929669521E-4)
(5686,1.0470069929669521E-4)
(5687,1.0470069929669521E-4)
(5688,1.0470069929669521E-4)
(5689,1.0470069929669521E-4)
(5690,1.0470069929669521E-4)
(5691,1.0470069929669521E-4)
(5692,1.0470069929669521E-4)
(5693,1.0470069929669521E-4)
(5694,1.0470069929669521E-4)
(5695,1.0470069929669521E-4)
(5696,1.0470069929669521E-4)
(5697,1.0470069929669521E-4)
(5698,1.0470069929669521E-4)
(5699,1.0470069929669521E-4)
(5700,1.0470069929669521E-4)
(5701,1.5888125735610845E-5)
(5702,2.9391220523344354E-5)
(5703,4.086705694684288E-5)
(5704,5.061974152456418E-5)
(5705,5.890776462131795E-5)
(5706,6.595084287305437E-5)
(5707,7.193573524791715E-5)
(5708,7.702118669812164E-5)
(5709,8.134213026403417E-5)
(5710,8.501325886262295E-5)
(5711,1.0470069929669521E-4)
(5712,1.0470069929669521E-4)
(5713,1.0470069929669521E-4)
(5714,1.0470069929669521E-4)
(5715,1.0470069929669521E-4)
(5716,1.0470069929669521E-4)
(5717,1.0470069929669521E-4)
(5718,1.0470069929669521E-4)
(5719,1.0470069929669521E-4)
(5720,1.0470069929669521E-4)
(5721,1.0470069929669521E-4)
(5722,1.0470069929669521E-4)
(5723,1.0470069929669521E-4)
(5724,1.0470069929669521E-4)
(5725,1.0470069929669521E-4)
(5726,1.0470069929669521E-4)
(5727,1.0470069929669521E-4)
(5728,1.0470069929669521E-4)
(5729,1.0470069929669521E-4)
(5730,1.0470069929669521E-4)
(5731,1.0470069929669521E-4)
(5732,1.0470069929669521E-4)
(5733,1.0470069929669521E-4)
(5734,1.0470069929669521E-4)
(5735,1.0470069929669521E-4)
(5736,1.0470069929669521E-4)
(5737,1.0470069929669521E-4)
(5738,1.0470069929669521E-4)
(5739,1.0470069929669521E-4)
(5740,1.0470069929669521E-4)
(5741,1.0470069929669521E-4)
(5742,1.0470069929669521E-4)
(5743,1.0470069929669521E-4)
(5744,1.0470069929669521E-4)
(5745,1.0470069929669521E-4)
(5746,1.0470069929669521E-4)
(5747,1.0470069929669521E-4)
(5748,1.0470069929669521E-4)
(5749,1.0470069929669521E-4)
(5750,1.0470069929669521E-4)
(5751,1.0470069929669521E-4)
(5752,1.0470069929669521E-4)
(5753,1.0470069929669521E-4)
(5754,1.0470069929669521E-4)
(5755,1.0470069929669521E-4)
(5756,1.0470069929669521E-4)
(5757,1.0470069929669521E-4)
(5758,1.0470069929669521E-4)
(5759,1.0470069929669521E-4)
(5760,1.0470069929669521E-4)
(5761,1.0470069929669521E-4)
(5762,1.0470069929669521E-4)
(5763,1.0470069929669521E-4)
(5764,1.0470069929669521E-4)
(5765,1.0470069929669521E-4)
(5766,1.0470069929669521E-4)
(5767,1.0470069929669521E-4)
(5768,1.0470069929669521E-4)
(5769,1.0470069929669521E-4)
(5770,1.0470069929669521E-4)
(5771,1.0470069929669521E-4)
(5772,1.0470069929669521E-4)
(5773,1.0470069929669521E-4)
(5774,1.0470069929669521E-4)
(5775,1.0470069929669521E-4)
(5776,1.0470069929669521E-4)
(5777,1.0470069929669521E-4)
(5778,1.0470069929669521E-4)
(5779,1.0470069929669521E-4)
(5780,1.0470069929669521E-4)
(5781,1.0470069929669521E-4)
(5782,1.0470069929669521E-4)
(5783,1.0470069929669521E-4)
(5784,1.0470069929669521E-4)
(5785,1.0470069929669521E-4)
(5786,1.0470069929669521E-4)
(5787,1.0470069929669521E-4)
(5788,1.0470069929669521E-4)
(5789,1.0470069929669521E-4)
(5790,1.0470069929669521E-4)
(5791,1.0470069929669521E-4)
(5792,1.0470069929669521E-4)
(5793,1.0470069929669521E-4)
(5794,1.0470069929669521E-4)
(5795,1.0470069929669521E-4)
(5796,1.0470069929669521E-4)
(5797,1.0470069929669521E-4)
(5798,1.0470069929669521E-4)
(5799,1.0470069929669521E-4)
(5800,1.0470069929669521E-4)
(5801,1.5888125735610845E-5)
(5802,2.9391220523344354E-5)
(5803,4.086705694684288E-5)
(5804,5.061974152456418E-5)
(5805,5.890776462131795E-5)
(5806,6.595084287305437E-5)
(5807,7.193573524791715E-5)
(5808,7.702118669812164E-5)
(5809,8.134213026403417E-5)
(5810,8.501325886262295E-5)
(5811,1.0470069929669521E-4)
(5812,1.0470069929669521E-4)
(5813,1.0470069929669521E-4)
(5814,1.0470069929669521E-4)
(5815,1.0470069929669521E-4)
(5816,1.0470069929669521E-4)
(5817,1.0470069929669521E-4)
(5818,1.0470069929669521E-4)
(5819,1.0470069929669521E-4)
(5820,1.0470069929669521E-4)
(5821,1.0470069929669521E-4)
(5822,1.0470069929669521E-4)
(5823,1.0470069929669521E-4)
(5824,1.0470069929669521E-4)
(5825,1.0470069929669521E-4)
(5826,1.0470069929669521E-4)
(5827,1.0470069929669521E-4)
(5828,1.0470069929669521E-4)
(5829,1.0470069929669521E-4)
(5830,1.0470069929669521E-4)
(5831,1.0470069929669521E-4)
(5832,1.0470069929669521E-4)
(5833,1.0470069929669521E-4)
(5834,1.0470069929669521E-4)
(5835,1.0470069929669521E-4)
(5836,1.0470069929669521E-4)
(5837,1.0470069929669521E-4)
(5838,1.0470069929669521E-4)
(5839,1.0470069929669521E-4)
(5840,1.0470069929669521E-4)
(5841,1.0470069929669521E-4)
(5842,1.0470069929669521E-4)
(5843,1.0470069929669521E-4)
(5844,1.0470069929669521E-4)
(5845,1.0470069929669521E-4)
(5846,1.0470069929669521E-4)
(5847,1.0470069929669521E-4)
(5848,1.0470069929669521E-4)
(5849,1.0470069929669521E-4)
(5850,1.0470069929669521E-4)
(5851,1.0470069929669521E-4)
(5852,1.0470069929669521E-4)
(5853,1.0470069929669521E-4)
(5854,1.0470069929669521E-4)
(5855,1.0470069929669521E-4)
(5856,1.0470069929669521E-4)
(5857,1.0470069929669521E-4)
(5858,1.0470069929669521E-4)
(5859,1.0470069929669521E-4)
(5860,1.0470069929669521E-4)
(5861,1.0470069929669521E-4)
(5862,1.0470069929669521E-4)
(5863,1.0470069929669521E-4)
(5864,1.0470069929669521E-4)
(5865,1.0470069929669521E-4)
(5866,1.0470069929669521E-4)
(5867,1.0470069929669521E-4)
(5868,1.0470069929669521E-4)
(5869,1.0470069929669521E-4)
(5870,1.0470069929669521E-4)
(5871,1.0470069929669521E-4)
(5872,1.0470069929669521E-4)
(5873,1.0470069929669521E-4)
(5874,1.0470069929669521E-4)
(5875,1.0470069929669521E-4)
(5876,1.0470069929669521E-4)
(5877,1.0470069929669521E-4)
(5878,1.0470069929669521E-4)
(5879,1.0470069929669521E-4)
(5880,1.0470069929669521E-4)
(5881,1.0470069929669521E-4)
(5882,1.0470069929669521E-4)
(5883,1.0470069929669521E-4)
(5884,1.0470069929669521E-4)
(5885,1.0470069929669521E-4)
(5886,1.0470069929669521E-4)
(5887,1.0470069929669521E-4)
(5888,1.0470069929669521E-4)
(5889,1.0470069929669521E-4)
(5890,1.0470069929669521E-4)
(5891,1.0470069929669521E-4)
(5892,1.0470069929669521E-4)
(5893,1.0470069929669521E-4)
(5894,1.0470069929669521E-4)
(5895,1.0470069929669521E-4)
(5896,1.0470069929669521E-4)
(5897,1.0470069929669521E-4)
(5898,1.0470069929669521E-4)
(5899,1.0470069929669521E-4)
(5900,1.0470069929669521E-4)
(5901,1.5888125735610845E-5)
(5902,2.9391220523344354E-5)
(5903,4.086705694684288E-5)
(5904,5.061974152456418E-5)
(5905,5.890776462131795E-5)
(5906,6.595084287305437E-5)
(5907,7.193573524791715E-5)
(5908,7.702118669812164E-5)
(5909,8.134213026403417E-5)
(5910,8.501325886262295E-5)
(5911,1.0470069929669521E-4)
(5912,1.0470069929669521E-4)
(5913,1.0470069929669521E-4)
(5914,1.0470069929669521E-4)
(5915,1.0470069929669521E-4)
(5916,1.0470069929669521E-4)
(5917,1.0470069929669521E-4)
(5918,1.0470069929669521E-4)
(5919,1.0470069929669521E-4)
(5920,1.0470069929669521E-4)
(5921,1.0470069929669521E-4)
(5922,1.0470069929669521E-4)
(5923,1.0470069929669521E-4)
(5924,1.0470069929669521E-4)
(5925,1.0470069929669521E-4)
(5926,1.0470069929669521E-4)
(5927,1.0470069929669521E-4)
(5928,1.0470069929669521E-4)
(5929,1.0470069929669521E-4)
(5930,1.0470069929669521E-4)
(5931,1.0470069929669521E-4)
(5932,1.0470069929669521E-4)
(5933,1.0470069929669521E-4)
(5934,1.0470069929669521E-4)
(5935,1.0470069929669521E-4)
(5936,1.0470069929669521E-4)
(5937,1.0470069929669521E-4)
(5938,1.0470069929669521E-4)
(5939,1.0470069929669521E-4)
(5940,1.0470069929669521E-4)
(5941,1.0470069929669521E-4)
(5942,1.0470069929669521E-4)
(5943,1.0470069929669521E-4)
(5944,1.0470069929669521E-4)
(5945,1.0470069929669521E-4)
(5946,1.0470069929669521E-4)
(5947,1.0470069929669521E-4)
(5948,1.0470069929669521E-4)
(5949,1.0470069929669521E-4)
(5950,1.0470069929669521E-4)
(5951,1.0470069929669521E-4)
(5952,1.0470069929669521E-4)
(5953,1.0470069929669521E-4)
(5954,1.0470069929669521E-4)
(5955,1.0470069929669521E-4)
(5956,1.0470069929669521E-4)
(5957,1.0470069929669521E-4)
(5958,1.0470069929669521E-4)
(5959,1.0470069929669521E-4)
(5960,1.0470069929669521E-4)
(5961,1.0470069929669521E-4)
(5962,1.0470069929669521E-4)
(5963,1.0470069929669521E-4)
(5964,1.0470069929669521E-4)
(5965,1.0470069929669521E-4)
(5966,1.0470069929669521E-4)
(5967,1.0470069929669521E-4)
(5968,1.0470069929669521E-4)
(5969,1.0470069929669521E-4)
(5970,1.0470069929669521E-4)
(5971,1.0470069929669521E-4)
(5972,1.0470069929669521E-4)
(5973,1.0470069929669521E-4)
(5974,1.0470069929669521E-4)
(5975,1.0470069929669521E-4)
(5976,1.0470069929669521E-4)
(5977,1.0470069929669521E-4)
(5978,1.0470069929669521E-4)
(5979,1.0470069929669521E-4)
(5980,1.0470069929669521E-4)
(5981,1.0470069929669521E-4)
(5982,1.0470069929669521E-4)
(5983,1.0470069929669521E-4)
(5984,1.0470069929669521E-4)
(5985,1.0470069929669521E-4)
(5986,1.0470069929669521E-4)
(5987,1.0470069929669521E-4)
(5988,1.0470069929669521E-4)
(5989,1.0470069929669521E-4)
(5990,1.0470069929669521E-4)
(5991,1.0470069929669521E-4)
(5992,1.0470069929669521E-4)
(5993,1.0470069929669521E-4)
(5994,1.0470069929669521E-4)
(5995,1.0470069929669521E-4)
(5996,1.0470069929669521E-4)
(5997,1.0470069929669521E-4)
(5998,1.0470069929669521E-4)
(5999,1.0470069929669521E-4)
(6000,1.0470069929669521E-4)
(6001,1.5888125735610845E-5)
(6002,2.9391220523344354E-5)
(6003,4.086705694684288E-5)
(6004,5.061974152456418E-5)
(6005,5.890776462131795E-5)
(6006,6.595084287305437E-5)
(6007,7.193573524791715E-5)
(6008,7.702118669812164E-5)
(6009,8.134213026403417E-5)
(6010,8.501325886262295E-5)
(6011,1.0470069929669521E-4)
(6012,1.0470069929669521E-4)
(6013,1.0470069929669521E-4)
(6014,1.0470069929669521E-4)
(6015,1.0470069929669521E-4)
(6016,1.0470069929669521E-4)
(6017,1.0470069929669521E-4)
(6018,1.0470069929669521E-4)
(6019,1.0470069929669521E-4)
(6020,1.0470069929669521E-4)
(6021,1.0470069929669521E-4)
(6022,1.0470069929669521E-4)
(6023,1.0470069929669521E-4)
(6024,1.0470069929669521E-4)
(6025,1.0470069929669521E-4)
(6026,1.0470069929669521E-4)
(6027,1.0470069929669521E-4)
(6028,1.0470069929669521E-4)
(6029,1.0470069929669521E-4)
(6030,1.0470069929669521E-4)
(6031,1.0470069929669521E-4)
(6032,1.0470069929669521E-4)
(6033,1.0470069929669521E-4)
(6034,1.0470069929669521E-4)
(6035,1.0470069929669521E-4)
(6036,1.0470069929669521E-4)
(6037,1.0470069929669521E-4)
(6038,1.0470069929669521E-4)
(6039,1.0470069929669521E-4)
(6040,1.0470069929669521E-4)
(6041,1.0470069929669521E-4)
(6042,1.0470069929669521E-4)
(6043,1.0470069929669521E-4)
(6044,1.0470069929669521E-4)
(6045,1.0470069929669521E-4)
(6046,1.0470069929669521E-4)
(6047,1.0470069929669521E-4)
(6048,1.0470069929669521E-4)
(6049,1.0470069929669521E-4)
(6050,1.0470069929669521E-4)
(6051,1.0470069929669521E-4)
(6052,1.0470069929669521E-4)
(6053,1.0470069929669521E-4)
(6054,1.0470069929669521E-4)
(6055,1.0470069929669521E-4)
(6056,1.0470069929669521E-4)
(6057,1.0470069929669521E-4)
(6058,1.0470069929669521E-4)
(6059,1.0470069929669521E-4)
(6060,1.0470069929669521E-4)
(6061,1.0470069929669521E-4)
(6062,1.0470069929669521E-4)
(6063,1.0470069929669521E-4)
(6064,1.0470069929669521E-4)
(6065,1.0470069929669521E-4)
(6066,1.0470069929669521E-4)
(6067,1.0470069929669521E-4)
(6068,1.0470069929669521E-4)
(6069,1.0470069929669521E-4)
(6070,1.0470069929669521E-4)
(6071,1.0470069929669521E-4)
(6072,1.0470069929669521E-4)
(6073,1.0470069929669521E-4)
(6074,1.0470069929669521E-4)
(6075,1.0470069929669521E-4)
(6076,1.0470069929669521E-4)
(6077,1.0470069929669521E-4)
(6078,1.0470069929669521E-4)
(6079,1.0470069929669521E-4)
(6080,1.0470069929669521E-4)
(6081,1.0470069929669521E-4)
(6082,1.0470069929669521E-4)
(6083,1.0470069929669521E-4)
(6084,1.0470069929669521E-4)
(6085,1.0470069929669521E-4)
(6086,1.0470069929669521E-4)
(6087,1.0470069929669521E-4)
(6088,1.0470069929669521E-4)
(6089,1.0470069929669521E-4)
(6090,1.0470069929669521E-4)
(6091,1.0470069929669521E-4)
(6092,1.0470069929669521E-4)
(6093,1.0470069929669521E-4)
(6094,1.0470069929669521E-4)
(6095,1.0470069929669521E-4)
(6096,1.0470069929669521E-4)
(6097,1.0470069929669521E-4)
(6098,1.0470069929669521E-4)
(6099,1.0470069929669521E-4)
(6100,1.0470069929669521E-4)
(6101,1.5888125735610845E-5)
(6102,2.9391220523344354E-5)
(6103,4.086705694684288E-5)
(6104,5.061974152456418E-5)
(6105,5.890776462131795E-5)
(6106,6.595084287305437E-5)
(6107,7.193573524791715E-5)
(6108,7.702118669812164E-5)
(6109,8.134213026403417E-5)
(6110,8.501325886262295E-5)
(6111,1.0470069929669521E-4)
(6112,1.0470069929669521E-4)
(6113,1.0470069929669521E-4)
(6114,1.0470069929669521E-4)
(6115,1.0470069929669521E-4)
(6116,1.0470069929669521E-4)
(6117,1.0470069929669521E-4)
(6118,1.0470069929669521E-4)
(6119,1.0470069929669521E-4)
(6120,1.0470069929669521E-4)
(6121,1.0470069929669521E-4)
(6122,1.0470069929669521E-4)
(6123,1.0470069929669521E-4)
(6124,1.0470069929669521E-4)
(6125,1.0470069929669521E-4)
(6126,1.0470069929669521E-4)
(6127,1.0470069929669521E-4)
(6128,1.0470069929669521E-4)
(6129,1.0470069929669521E-4)
(6130,1.0470069929669521E-4)
(6131,1.0470069929669521E-4)
(6132,1.0470069929669521E-4)
(6133,1.0470069929669521E-4)
(6134,1.0470069929669521E-4)
(6135,1.0470069929669521E-4)
(6136,1.0470069929669521E-4)
(6137,1.0470069929669521E-4)
(6138,1.0470069929669521E-4)
(6139,1.0470069929669521E-4)
(6140,1.0470069929669521E-4)
(6141,1.0470069929669521E-4)
(6142,1.0470069929669521E-4)
(6143,1.0470069929669521E-4)
(6144,1.0470069929669521E-4)
(6145,1.0470069929669521E-4)
(6146,1.0470069929669521E-4)
(6147,1.0470069929669521E-4)
(6148,1.0470069929669521E-4)
(6149,1.0470069929669521E-4)
(6150,1.0470069929669521E-4)
(6151,1.0470069929669521E-4)
(6152,1.0470069929669521E-4)
(6153,1.0470069929669521E-4)
(6154,1.0470069929669521E-4)
(6155,1.0470069929669521E-4)
(6156,1.0470069929669521E-4)
(6157,1.0470069929669521E-4)
(6158,1.0470069929669521E-4)
(6159,1.0470069929669521E-4)
(6160,1.0470069929669521E-4)
(6161,1.0470069929669521E-4)
(6162,1.0470069929669521E-4)
(6163,1.0470069929669521E-4)
(6164,1.0470069929669521E-4)
(6165,1.0470069929669521E-4)
(6166,1.0470069929669521E-4)
(6167,1.0470069929669521E-4)
(6168,1.0470069929669521E-4)
(6169,1.0470069929669521E-4)
(6170,1.0470069929669521E-4)
(6171,1.0470069929669521E-4)
(6172,1.0470069929669521E-4)
(6173,1.0470069929669521E-4)
(6174,1.0470069929669521E-4)
(6175,1.0470069929669521E-4)
(6176,1.0470069929669521E-4)
(6177,1.0470069929669521E-4)
(6178,1.0470069929669521E-4)
(6179,1.0470069929669521E-4)
(6180,1.0470069929669521E-4)
(6181,1.0470069929669521E-4)
(6182,1.0470069929669521E-4)
(6183,1.0470069929669521E-4)
(6184,1.0470069929669521E-4)
(6185,1.0470069929669521E-4)
(6186,1.0470069929669521E-4)
(6187,1.0470069929669521E-4)
(6188,1.0470069929669521E-4)
(6189,1.0470069929669521E-4)
(6190,1.0470069929669521E-4)
(6191,1.0470069929669521E-4)
(6192,1.0470069929669521E-4)
(6193,1.0470069929669521E-4)
(6194,1.0470069929669521E-4)
(6195,1.0470069929669521E-4)
(6196,1.0470069929669521E-4)
(6197,1.0470069929669521E-4)
(6198,1.0470069929669521E-4)
(6199,1.0470069929669521E-4)
(6200,1.0470069929669521E-4)
(6201,1.5888125735610845E-5)
(6202,2.9391220523344354E-5)
(6203,4.086705694684288E-5)
(6204,5.061974152456418E-5)
(6205,5.890776462131795E-5)
(6206,6.595084287305437E-5)
(6207,7.193573524791715E-5)
(6208,7.702118669812164E-5)
(6209,8.134213026403417E-5)
(6210,8.501325886262295E-5)
(6211,1.0470069929669521E-4)
(6212,1.0470069929669521E-4)
(6213,1.0470069929669521E-4)
(6214,1.0470069929669521E-4)
(6215,1.0470069929669521E-4)
(6216,1.0470069929669521E-4)
(6217,1.0470069929669521E-4)
(6218,1.0470069929669521E-4)
(6219,1.0470069929669521E-4)
(6220,1.0470069929669521E-4)
(6221,1.0470069929669521E-4)
(6222,1.0470069929669521E-4)
(6223,1.0470069929669521E-4)
(6224,1.0470069929669521E-4)
(6225,1.0470069929669521E-4)
(6226,1.0470069929669521E-4)
(6227,1.0470069929669521E-4)
(6228,1.0470069929669521E-4)
(6229,1.0470069929669521E-4)
(6230,1.0470069929669521E-4)
(6231,1.0470069929669521E-4)
(6232,1.0470069929669521E-4)
(6233,1.0470069929669521E-4)
(6234,1.0470069929669521E-4)
(6235,1.0470069929669521E-4)
(6236,1.0470069929669521E-4)
(6237,1.0470069929669521E-4)
(6238,1.0470069929669521E-4)
(6239,1.0470069929669521E-4)
(6240,1.0470069929669521E-4)
(6241,1.0470069929669521E-4)
(6242,1.0470069929669521E-4)
(6243,1.0470069929669521E-4)
(6244,1.0470069929669521E-4)
(6245,1.0470069929669521E-4)
(6246,1.0470069929669521E-4)
(6247,1.0470069929669521E-4)
(6248,1.0470069929669521E-4)
(6249,1.0470069929669521E-4)
(6250,1.0470069929669521E-4)
(6251,1.0470069929669521E-4)
(6252,1.0470069929669521E-4)
(6253,1.0470069929669521E-4)
(6254,1.0470069929669521E-4)
(6255,1.0470069929669521E-4)
(6256,1.0470069929669521E-4)
(6257,1.0470069929669521E-4)
(6258,1.0470069929669521E-4)
(6259,1.0470069929669521E-4)
(6260,1.0470069929669521E-4)
(6261,1.0470069929669521E-4)
(6262,1.0470069929669521E-4)
(6263,1.0470069929669521E-4)
(6264,1.0470069929669521E-4)
(6265,1.0470069929669521E-4)
(6266,1.0470069929669521E-4)
(6267,1.0470069929669521E-4)
(6268,1.0470069929669521E-4)
(6269,1.0470069929669521E-4)
(6270,1.0470069929669521E-4)
(6271,1.0470069929669521E-4)
(6272,1.0470069929669521E-4)
(6273,1.0470069929669521E-4)
(6274,1.0470069929669521E-4)
(6275,1.0470069929669521E-4)
(6276,1.0470069929669521E-4)
(6277,1.0470069929669521E-4)
(6278,1.0470069929669521E-4)
(6279,1.0470069929669521E-4)
(6280,1.0470069929669521E-4)
(6281,1.0470069929669521E-4)
(6282,1.0470069929669521E-4)
(6283,1.0470069929669521E-4)
(6284,1.0470069929669521E-4)
(6285,1.0470069929669521E-4)
(6286,1.0470069929669521E-4)
(6287,1.0470069929669521E-4)
(6288,1.0470069929669521E-4)
(6289,1.0470069929669521E-4)
(6290,1.0470069929669521E-4)
(6291,1.0470069929669521E-4)
(6292,1.0470069929669521E-4)
(6293,1.0470069929669521E-4)
(6294,1.0470069929669521E-4)
(6295,1.0470069929669521E-4)
(6296,1.0470069929669521E-4)
(6297,1.0470069929669521E-4)
(6298,1.0470069929669521E-4)
(6299,1.0470069929669521E-4)
(6300,1.0470069929669521E-4)
(6301,1.5888125735610845E-5)
(6302,2.9391220523344354E-5)
(6303,4.086705694684288E-5)
(6304,5.061974152456418E-5)
(6305,5.890776462131795E-5)
(6306,6.595084287305437E-5)
(6307,7.193573524791715E-5)
(6308,7.702118669812164E-5)
(6309,8.134213026403417E-5)
(6310,8.501325886262295E-5)
(6311,1.0470069929669521E-4)
(6312,1.0470069929669521E-4)
(6313,1.0470069929669521E-4)
(6314,1.0470069929669521E-4)
(6315,1.0470069929669521E-4)
(6316,1.0470069929669521E-4)
(6317,1.0470069929669521E-4)
(6318,1.0470069929669521E-4)
(6319,1.0470069929669521E-4)
(6320,1.0470069929669521E-4)
(6321,1.0470069929669521E-4)
(6322,1.0470069929669521E-4)
(6323,1.0470069929669521E-4)
(6324,1.0470069929669521E-4)
(6325,1.0470069929669521E-4)
(6326,1.0470069929669521E-4)
(6327,1.0470069929669521E-4)
(6328,1.0470069929669521E-4)
(6329,1.0470069929669521E-4)
(6330,1.0470069929669521E-4)
(6331,1.0470069929669521E-4)
(6332,1.0470069929669521E-4)
(6333,1.0470069929669521E-4)
(6334,1.0470069929669521E-4)
(6335,1.0470069929669521E-4)
(6336,1.0470069929669521E-4)
(6337,1.0470069929669521E-4)
(6338,1.0470069929669521E-4)
(6339,1.0470069929669521E-4)
(6340,1.0470069929669521E-4)
(6341,1.0470069929669521E-4)
(6342,1.0470069929669521E-4)
(6343,1.0470069929669521E-4)
(6344,1.0470069929669521E-4)
(6345,1.0470069929669521E-4)
(6346,1.0470069929669521E-4)
(6347,1.0470069929669521E-4)
(6348,1.0470069929669521E-4)
(6349,1.0470069929669521E-4)
(6350,1.0470069929669521E-4)
(6351,1.0470069929669521E-4)
(6352,1.0470069929669521E-4)
(6353,1.0470069929669521E-4)
(6354,1.0470069929669521E-4)
(6355,1.0470069929669521E-4)
(6356,1.0470069929669521E-4)
(6357,1.0470069929669521E-4)
(6358,1.0470069929669521E-4)
(6359,1.0470069929669521E-4)
(6360,1.0470069929669521E-4)
(6361,1.0470069929669521E-4)
(6362,1.0470069929669521E-4)
(6363,1.0470069929669521E-4)
(6364,1.0470069929669521E-4)
(6365,1.0470069929669521E-4)
(6366,1.0470069929669521E-4)
(6367,1.0470069929669521E-4)
(6368,1.0470069929669521E-4)
(6369,1.0470069929669521E-4)
(6370,1.0470069929669521E-4)
(6371,1.0470069929669521E-4)
(6372,1.0470069929669521E-4)
(6373,1.0470069929669521E-4)
(6374,1.0470069929669521E-4)
(6375,1.0470069929669521E-4)
(6376,1.0470069929669521E-4)
(6377,1.0470069929669521E-4)
(6378,1.0470069929669521E-4)
(6379,1.0470069929669521E-4)
(6380,1.0470069929669521E-4)
(6381,1.0470069929669521E-4)
(6382,1.0470069929669521E-4)
(6383,1.0470069929669521E-4)
(6384,1.0470069929669521E-4)
(6385,1.0470069929669521E-4)
(6386,1.0470069929669521E-4)
(6387,1.0470069929669521E-4)
(6388,1.0470069929669521E-4)
(6389,1.0470069929669521E-4)
(6390,1.0470069929669521E-4)
(6391,1.0470069929669521E-4)
(6392,1.0470069929669521E-4)
(6393,1.0470069929669521E-4)
(6394,1.0470069929669521E-4)
(6395,1.0470069929669521E-4)
(6396,1.0470069929669521E-4)
(6397,1.0470069929669521E-4)
(6398,1.0470069929669521E-4)
(6399,1.0470069929669521E-4)
(6400,1.0470069929669521E-4)
(6401,1.5888125735610845E-5)
(6402,2.9391220523344354E-5)
(6403,4.086705694684288E-5)
(6404,5.061974152456418E-5)
(6405,5.890776462131795E-5)
(6406,6.595084287305437E-5)
(6407,7.193573524791715E-5)
(6408,7.702118669812164E-5)
(6409,8.134213026403417E-5)
(6410,8.501325886262295E-5)
(6411,1.0470069929669521E-4)
(6412,1.0470069929669521E-4)
(6413,1.0470069929669521E-4)
(6414,1.0470069929669521E-4)
(6415,1.0470069929669521E-4)
(6416,1.0470069929669521E-4)
(6417,1.0470069929669521E-4)
(6418,1.0470069929669521E-4)
(6419,1.0470069929669521E-4)
(6420,1.0470069929669521E-4)
(6421,1.0470069929669521E-4)
(6422,1.0470069929669521E-4)
(6423,1.0470069929669521E-4)
(6424,1.0470069929669521E-4)
(6425,1.0470069929669521E-4)
(6426,1.0470069929669521E-4)
(6427,1.0470069929669521E-4)
(6428,1.0470069929669521E-4)
(6429,1.0470069929669521E-4)
(6430,1.0470069929669521E-4)
(6431,1.0470069929669521E-4)
(6432,1.0470069929669521E-4)
(6433,1.0470069929669521E-4)
(6434,1.0470069929669521E-4)
(6435,1.0470069929669521E-4)
(6436,1.0470069929669521E-4)
(6437,1.0470069929669521E-4)
(6438,1.0470069929669521E-4)
(6439,1.0470069929669521E-4)
(6440,1.0470069929669521E-4)
(6441,1.0470069929669521E-4)
(6442,1.0470069929669521E-4)
(6443,1.0470069929669521E-4)
(6444,1.0470069929669521E-4)
(6445,1.0470069929669521E-4)
(6446,1.0470069929669521E-4)
(6447,1.0470069929669521E-4)
(6448,1.0470069929669521E-4)
(6449,1.0470069929669521E-4)
(6450,1.0470069929669521E-4)
(6451,1.0470069929669521E-4)
(6452,1.0470069929669521E-4)
(6453,1.0470069929669521E-4)
(6454,1.0470069929669521E-4)
(6455,1.0470069929669521E-4)
(6456,1.0470069929669521E-4)
(6457,1.0470069929669521E-4)
(6458,1.0470069929669521E-4)
(6459,1.0470069929669521E-4)
(6460,1.0470069929669521E-4)
(6461,1.0470069929669521E-4)
(6462,1.0470069929669521E-4)
(6463,1.0470069929669521E-4)
(6464,1.0470069929669521E-4)
(6465,1.0470069929669521E-4)
(6466,1.0470069929669521E-4)
(6467,1.0470069929669521E-4)
(6468,1.0470069929669521E-4)
(6469,1.0470069929669521E-4)
(6470,1.0470069929669521E-4)
(6471,1.0470069929669521E-4)
(6472,1.0470069929669521E-4)
(6473,1.0470069929669521E-4)
(6474,1.0470069929669521E-4)
(6475,1.0470069929669521E-4)
(6476,1.0470069929669521E-4)
(6477,1.0470069929669521E-4)
(6478,1.0470069929669521E-4)
(6479,1.0470069929669521E-4)
(6480,1.0470069929669521E-4)
(6481,1.0470069929669521E-4)
(6482,1.0470069929669521E-4)
(6483,1.0470069929669521E-4)
(6484,1.0470069929669521E-4)
(6485,1.0470069929669521E-4)
(6486,1.0470069929669521E-4)
(6487,1.0470069929669521E-4)
(6488,1.0470069929669521E-4)
(6489,1.0470069929669521E-4)
(6490,1.0470069929669521E-4)
(6491,1.0470069929669521E-4)
(6492,1.0470069929669521E-4)
(6493,1.0470069929669521E-4)
(6494,1.0470069929669521E-4)
(6495,1.0470069929669521E-4)
(6496,1.0470069929669521E-4)
(6497,1.0470069929669521E-4)
(6498,1.0470069929669521E-4)
(6499,1.0470069929669521E-4)
(6500,1.0470069929669521E-4)
(6501,1.5888125735610845E-5)
(6502,2.9391220523344354E-5)
(6503,4.086705694684288E-5)
(6504,5.061974152456418E-5)
(6505,5.890776462131795E-5)
(6506,6.595084287305437E-5)
(6507,7.193573524791715E-5)
(6508,7.702118669812164E-5)
(6509,8.134213026403417E-5)
(6510,8.501325886262295E-5)
(6511,1.0470069929669521E-4)
(6512,1.0470069929669521E-4)
(6513,1.0470069929669521E-4)
(6514,1.0470069929669521E-4)
(6515,1.0470069929669521E-4)
(6516,1.0470069929669521E-4)
(6517,1.0470069929669521E-4)
(6518,1.0470069929669521E-4)
(6519,1.0470069929669521E-4)
(6520,1.0470069929669521E-4)
(6521,1.0470069929669521E-4)
(6522,1.0470069929669521E-4)
(6523,1.0470069929669521E-4)
(6524,1.0470069929669521E-4)
(6525,1.0470069929669521E-4)
(6526,1.0470069929669521E-4)
(6527,1.0470069929669521E-4)
(6528,1.0470069929669521E-4)
(6529,1.0470069929669521E-4)
(6530,1.0470069929669521E-4)
(6531,1.0470069929669521E-4)
(6532,1.0470069929669521E-4)
(6533,1.0470069929669521E-4)
(6534,1.0470069929669521E-4)
(6535,1.0470069929669521E-4)
(6536,1.0470069929669521E-4)
(6537,1.0470069929669521E-4)
(6538,1.0470069929669521E-4)
(6539,1.0470069929669521E-4)
(6540,1.0470069929669521E-4)
(6541,1.0470069929669521E-4)
(6542,1.0470069929669521E-4)
(6543,1.0470069929669521E-4)
(6544,1.0470069929669521E-4)
(6545,1.0470069929669521E-4)
(6546,1.0470069929669521E-4)
(6547,1.0470069929669521E-4)
(6548,1.0470069929669521E-4)
(6549,1.0470069929669521E-4)
(6550,1.0470069929669521E-4)
(6551,1.0470069929669521E-4)
(6552,1.0470069929669521E-4)
(6553,1.0470069929669521E-4)
(6554,1.0470069929669521E-4)
(6555,1.0470069929669521E-4)
(6556,1.0470069929669521E-4)
(6557,1.0470069929669521E-4)
(6558,1.0470069929669521E-4)
(6559,1.0470069929669521E-4)
(6560,1.0470069929669521E-4)
(6561,1.0470069929669521E-4)
(6562,1.0470069929669521E-4)
(6563,1.0470069929669521E-4)
(6564,1.0470069929669521E-4)
(6565,1.0470069929669521E-4)
(6566,1.0470069929669521E-4)
(6567,1.0470069929669521E-4)
(6568,1.0470069929669521E-4)
(6569,1.0470069929669521E-4)
(6570,1.0470069929669521E-4)
(6571,1.0470069929669521E-4)
(6572,1.0470069929669521E-4)
(6573,1.0470069929669521E-4)
(6574,1.0470069929669521E-4)
(6575,1.0470069929669521E-4)
(6576,1.0470069929669521E-4)
(6577,1.0470069929669521E-4)
(6578,1.0470069929669521E-4)
(6579,1.0470069929669521E-4)
(6580,1.0470069929669521E-4)
(6581,1.0470069929669521E-4)
(6582,1.0470069929669521E-4)
(6583,1.0470069929669521E-4)
(6584,1.0470069929669521E-4)
(6585,1.0470069929669521E-4)
(6586,1.0470069929669521E-4)
(6587,1.0470069929669521E-4)
(6588,1.0470069929669521E-4)
(6589,1.0470069929669521E-4)
(6590,1.0470069929669521E-4)
(6591,1.0470069929669521E-4)
(6592,1.0470069929669521E-4)
(6593,1.0470069929669521E-4)
(6594,1.0470069929669521E-4)
(6595,1.0470069929669521E-4)
(6596,1.0470069929669521E-4)
(6597,1.0470069929669521E-4)
(6598,1.0470069929669521E-4)
(6599,1.0470069929669521E-4)
(6600,1.0470069929669521E-4)
(6601,1.5888125735610845E-5)
(6602,2.9391220523344354E-5)
(6603,4.086705694684288E-5)
(6604,5.061974152456418E-5)
(6605,5.890776462131795E-5)
(6606,6.595084287305437E-5)
(6607,7.193573524791715E-5)
(6608,7.702118669812164E-5)
(6609,8.134213026403417E-5)
(6610,8.501325886262295E-5)
(6611,1.0470069929669521E-4)
(6612,1.0470069929669521E-4)
(6613,1.0470069929669521E-4)
(6614,1.0470069929669521E-4)
(6615,1.0470069929669521E-4)
(6616,1.0470069929669521E-4)
(6617,1.0470069929669521E-4)
(6618,1.0470069929669521E-4)
(6619,1.0470069929669521E-4)
(6620,1.0470069929669521E-4)
(6621,1.0470069929669521E-4)
(6622,1.0470069929669521E-4)
(6623,1.0470069929669521E-4)
(6624,1.0470069929669521E-4)
(6625,1.0470069929669521E-4)
(6626,1.0470069929669521E-4)
(6627,1.0470069929669521E-4)
(6628,1.0470069929669521E-4)
(6629,1.0470069929669521E-4)
(6630,1.0470069929669521E-4)
(6631,1.0470069929669521E-4)
(6632,1.0470069929669521E-4)
(6633,1.0470069929669521E-4)
(6634,1.0470069929669521E-4)
(6635,1.0470069929669521E-4)
(6636,1.0470069929669521E-4)
(6637,1.0470069929669521E-4)
(6638,1.0470069929669521E-4)
(6639,1.0470069929669521E-4)
(6640,1.0470069929669521E-4)
(6641,1.0470069929669521E-4)
(6642,1.0470069929669521E-4)
(6643,1.0470069929669521E-4)
(6644,1.0470069929669521E-4)
(6645,1.0470069929669521E-4)
(6646,1.0470069929669521E-4)
(6647,1.0470069929669521E-4)
(6648,1.0470069929669521E-4)
(6649,1.0470069929669521E-4)
(6650,1.0470069929669521E-4)
(6651,1.0470069929669521E-4)
(6652,1.0470069929669521E-4)
(6653,1.0470069929669521E-4)
(6654,1.0470069929669521E-4)
(6655,1.0470069929669521E-4)
(6656,1.0470069929669521E-4)
(6657,1.0470069929669521E-4)
(6658,1.0470069929669521E-4)
(6659,1.0470069929669521E-4)
(6660,1.0470069929669521E-4)
(6661,1.0470069929669521E-4)
(6662,1.0470069929669521E-4)
(6663,1.0470069929669521E-4)
(6664,1.0470069929669521E-4)
(6665,1.0470069929669521E-4)
(6666,1.0470069929669521E-4)
(6667,1.0470069929669521E-4)
(6668,1.0470069929669521E-4)
(6669,1.0470069929669521E-4)
(6670,1.0470069929669521E-4)
(6671,1.0470069929669521E-4)
(6672,1.0470069929669521E-4)
(6673,1.0470069929669521E-4)
(6674,1.0470069929669521E-4)
(6675,1.0470069929669521E-4)
(6676,1.0470069929669521E-4)
(6677,1.0470069929669521E-4)
(6678,1.0470069929669521E-4)
(6679,1.0470069929669521E-4)
(6680,1.0470069929669521E-4)
(6681,1.0470069929669521E-4)
(6682,1.0470069929669521E-4)
(6683,1.0470069929669521E-4)
(6684,1.0470069929669521E-4)
(6685,1.0470069929669521E-4)
(6686,1.0470069929669521E-4)
(6687,1.0470069929669521E-4)
(6688,1.0470069929669521E-4)
(6689,1.0470069929669521E-4)
(6690,1.0470069929669521E-4)
(6691,1.0470069929669521E-4)
(6692,1.0470069929669521E-4)
(6693,1.0470069929669521E-4)
(6694,1.0470069929669521E-4)
(6695,1.0470069929669521E-4)
(6696,1.0470069929669521E-4)
(6697,1.0470069929669521E-4)
(6698,1.0470069929669521E-4)
(6699,1.0470069929669521E-4)
(6700,1.0470069929669521E-4)
(6701,1.5888125735610845E-5)
(6702,2.9391220523344354E-5)
(6703,4.086705694684288E-5)
(6704,5.061974152456418E-5)
(6705,5.890776462131795E-5)
(6706,6.595084287305437E-5)
(6707,7.193573524791715E-5)
(6708,7.702118669812164E-5)
(6709,8.134213026403417E-5)
(6710,8.501325886262295E-5)
(6711,1.0470069929669521E-4)
(6712,1.0470069929669521E-4)
(6713,1.0470069929669521E-4)
(6714,1.0470069929669521E-4)
(6715,1.0470069929669521E-4)
(6716,1.0470069929669521E-4)
(6717,1.0470069929669521E-4)
(6718,1.0470069929669521E-4)
(6719,1.0470069929669521E-4)
(6720,1.0470069929669521E-4)
(6721,1.0470069929669521E-4)
(6722,1.0470069929669521E-4)
(6723,1.0470069929669521E-4)
(6724,1.0470069929669521E-4)
(6725,1.0470069929669521E-4)
(6726,1.0470069929669521E-4)
(6727,1.0470069929669521E-4)
(6728,1.0470069929669521E-4)
(6729,1.0470069929669521E-4)
(6730,1.0470069929669521E-4)
(6731,1.0470069929669521E-4)
(6732,1.0470069929669521E-4)
(6733,1.0470069929669521E-4)
(6734,1.0470069929669521E-4)
(6735,1.0470069929669521E-4)
(6736,1.0470069929669521E-4)
(6737,1.0470069929669521E-4)
(6738,1.0470069929669521E-4)
(6739,1.0470069929669521E-4)
(6740,1.0470069929669521E-4)
(6741,1.0470069929669521E-4)
(6742,1.0470069929669521E-4)
(6743,1.0470069929669521E-4)
(6744,1.0470069929669521E-4)
(6745,1.0470069929669521E-4)
(6746,1.0470069929669521E-4)
(6747,1.0470069929669521E-4)
(6748,1.0470069929669521E-4)
(6749,1.0470069929669521E-4)
(6750,1.0470069929669521E-4)
(6751,1.0470069929669521E-4)
(6752,1.0470069929669521E-4)
(6753,1.0470069929669521E-4)
(6754,1.0470069929669521E-4)
(6755,1.0470069929669521E-4)
(6756,1.0470069929669521E-4)
(6757,1.0470069929669521E-4)
(6758,1.0470069929669521E-4)
(6759,1.0470069929669521E-4)
(6760,1.0470069929669521E-4)
(6761,1.0470069929669521E-4)
(6762,1.0470069929669521E-4)
(6763,1.0470069929669521E-4)
(6764,1.0470069929669521E-4)
(6765,1.0470069929669521E-4)
(6766,1.0470069929669521E-4)
(6767,1.0470069929669521E-4)
(6768,1.0470069929669521E-4)
(6769,1.0470069929669521E-4)
(6770,1.0470069929669521E-4)
(6771,1.0470069929669521E-4)
(6772,1.0470069929669521E-4)
(6773,1.0470069929669521E-4)
(6774,1.0470069929669521E-4)
(6775,1.0470069929669521E-4)
(6776,1.0470069929669521E-4)
(6777,1.0470069929669521E-4)
(6778,1.0470069929669521E-4)
(6779,1.0470069929669521E-4)
(6780,1.0470069929669521E-4)
(6781,1.0470069929669521E-4)
(6782,1.0470069929669521E-4)
(6783,1.0470069929669521E-4)
(6784,1.0470069929669521E-4)
(6785,1.0470069929669521E-4)
(6786,1.0470069929669521E-4)
(6787,1.0470069929669521E-4)
(6788,1.0470069929669521E-4)
(6789,1.0470069929669521E-4)
(6790,1.0470069929669521E-4)
(6791,1.0470069929669521E-4)
(6792,1.0470069929669521E-4)
(6793,1.0470069929669521E-4)
(6794,1.0470069929669521E-4)
(6795,1.0470069929669521E-4)
(6796,1.0470069929669521E-4)
(6797,1.0470069929669521E-4)
(6798,1.0470069929669521E-4)
(6799,1.0470069929669521E-4)
(6800,1.0470069929669521E-4)
(6801,1.5888125735610845E-5)
(6802,2.9391220523344354E-5)
(6803,4.086705694684288E-5)
(6804,5.061974152456418E-5)
(6805,5.890776462131795E-5)
(6806,6.595084287305437E-5)
(6807,7.193573524791715E-5)
(6808,7.702118669812164E-5)
(6809,8.134213026403417E-5)
(6810,8.501325886262295E-5)
(6811,1.0470069929669521E-4)
(6812,1.0470069929669521E-4)
(6813,1.0470069929669521E-4)
(6814,1.0470069929669521E-4)
(6815,1.0470069929669521E-4)
(6816,1.0470069929669521E-4)
(6817,1.0470069929669521E-4)
(6818,1.0470069929669521E-4)
(6819,1.0470069929669521E-4)
(6820,1.0470069929669521E-4)
(6821,1.0470069929669521E-4)
(6822,1.0470069929669521E-4)
(6823,1.0470069929669521E-4)
(6824,1.0470069929669521E-4)
(6825,1.0470069929669521E-4)
(6826,1.0470069929669521E-4)
(6827,1.0470069929669521E-4)
(6828,1.0470069929669521E-4)
(6829,1.0470069929669521E-4)
(6830,1.0470069929669521E-4)
(6831,1.0470069929669521E-4)
(6832,1.0470069929669521E-4)
(6833,1.0470069929669521E-4)
(6834,1.0470069929669521E-4)
(6835,1.0470069929669521E-4)
(6836,1.0470069929669521E-4)
(6837,1.0470069929669521E-4)
(6838,1.0470069929669521E-4)
(6839,1.0470069929669521E-4)
(6840,1.0470069929669521E-4)
(6841,1.0470069929669521E-4)
(6842,1.0470069929669521E-4)
(6843,1.0470069929669521E-4)
(6844,1.0470069929669521E-4)
(6845,1.0470069929669521E-4)
(6846,1.0470069929669521E-4)
(6847,1.0470069929669521E-4)
(6848,1.0470069929669521E-4)
(6849,1.0470069929669521E-4)
(6850,1.0470069929669521E-4)
(6851,1.0470069929669521E-4)
(6852,1.0470069929669521E-4)
(6853,1.0470069929669521E-4)
(6854,1.0470069929669521E-4)
(6855,1.0470069929669521E-4)
(6856,1.0470069929669521E-4)
(6857,1.0470069929669521E-4)
(6858,1.0470069929669521E-4)
(6859,1.0470069929669521E-4)
(6860,1.0470069929669521E-4)
(6861,1.0470069929669521E-4)
(6862,1.0470069929669521E-4)
(6863,1.0470069929669521E-4)
(6864,1.0470069929669521E-4)
(6865,1.0470069929669521E-4)
(6866,1.0470069929669521E-4)
(6867,1.0470069929669521E-4)
(6868,1.0470069929669521E-4)
(6869,1.0470069929669521E-4)
(6870,1.0470069929669521E-4)
(6871,1.0470069929669521E-4)
(6872,1.0470069929669521E-4)
(6873,1.0470069929669521E-4)
(6874,1.0470069929669521E-4)
(6875,1.0470069929669521E-4)
(6876,1.0470069929669521E-4)
(6877,1.0470069929669521E-4)
(6878,1.0470069929669521E-4)
(6879,1.0470069929669521E-4)
(6880,1.0470069929669521E-4)
(6881,1.0470069929669521E-4)
(6882,1.0470069929669521E-4)
(6883,1.0470069929669521E-4)
(6884,1.0470069929669521E-4)
(6885,1.0470069929669521E-4)
(6886,1.0470069929669521E-4)
(6887,1.0470069929669521E-4)
(6888,1.0470069929669521E-4)
(6889,1.0470069929669521E-4)
(6890,1.0470069929669521E-4)
(6891,1.0470069929669521E-4)
(6892,1.0470069929669521E-4)
(6893,1.0470069929669521E-4)
(6894,1.0470069929669521E-4)
(6895,1.0470069929669521E-4)
(6896,1.0470069929669521E-4)
(6897,1.0470069929669521E-4)
(6898,1.0470069929669521E-4)
(6899,1.0470069929669521E-4)
(6900,1.0470069929669521E-4)
(6901,1.5888125735610845E-5)
(6902,2.9391220523344354E-5)
(6903,4.086705694684288E-5)
(6904,5.061974152456418E-5)
(6905,5.890776462131795E-5)
(6906,6.595084287305437E-5)
(6907,7.193573524791715E-5)
(6908,7.702118669812164E-5)
(6909,8.134213026403417E-5)
(6910,8.501325886262295E-5)
(6911,1.0470069929669521E-4)
(6912,1.0470069929669521E-4)
(6913,1.0470069929669521E-4)
(6914,1.0470069929669521E-4)
(6915,1.0470069929669521E-4)
(6916,1.0470069929669521E-4)
(6917,1.0470069929669521E-4)
(6918,1.0470069929669521E-4)
(6919,1.0470069929669521E-4)
(6920,1.0470069929669521E-4)
(6921,1.0470069929669521E-4)
(6922,1.0470069929669521E-4)
(6923,1.0470069929669521E-4)
(6924,1.0470069929669521E-4)
(6925,1.0470069929669521E-4)
(6926,1.0470069929669521E-4)
(6927,1.0470069929669521E-4)
(6928,1.0470069929669521E-4)
(6929,1.0470069929669521E-4)
(6930,1.0470069929669521E-4)
(6931,1.0470069929669521E-4)
(6932,1.0470069929669521E-4)
(6933,1.0470069929669521E-4)
(6934,1.0470069929669521E-4)
(6935,1.0470069929669521E-4)
(6936,1.0470069929669521E-4)
(6937,1.0470069929669521E-4)
(6938,1.0470069929669521E-4)
(6939,1.0470069929669521E-4)
(6940,1.0470069929669521E-4)
(6941,1.0470069929669521E-4)
(6942,1.0470069929669521E-4)
(6943,1.0470069929669521E-4)
(6944,1.0470069929669521E-4)
(6945,1.0470069929669521E-4)
(6946,1.0470069929669521E-4)
(6947,1.0470069929669521E-4)
(6948,1.0470069929669521E-4)
(6949,1.0470069929669521E-4)
(6950,1.0470069929669521E-4)
(6951,1.0470069929669521E-4)
(6952,1.0470069929669521E-4)
(6953,1.0470069929669521E-4)
(6954,1.0470069929669521E-4)
(6955,1.0470069929669521E-4)
(6956,1.0470069929669521E-4)
(6957,1.0470069929669521E-4)
(6958,1.0470069929669521E-4)
(6959,1.0470069929669521E-4)
(6960,1.0470069929669521E-4)
(6961,1.0470069929669521E-4)
(6962,1.0470069929669521E-4)
(6963,1.0470069929669521E-4)
(6964,1.0470069929669521E-4)
(6965,1.0470069929669521E-4)
(6966,1.0470069929669521E-4)
(6967,1.0470069929669521E-4)
(6968,1.0470069929669521E-4)
(6969,1.0470069929669521E-4)
(6970,1.0470069929669521E-4)
(6971,1.0470069929669521E-4)
(6972,1.0470069929669521E-4)
(6973,1.0470069929669521E-4)
(6974,1.0470069929669521E-4)
(6975,1.0470069929669521E-4)
(6976,1.0470069929669521E-4)
(6977,1.0470069929669521E-4)
(6978,1.0470069929669521E-4)
(6979,1.0470069929669521E-4)
(6980,1.0470069929669521E-4)
(6981,1.0470069929669521E-4)
(6982,1.0470069929669521E-4)
(6983,1.0470069929669521E-4)
(6984,1.0470069929669521E-4)
(6985,1.0470069929669521E-4)
(6986,1.0470069929669521E-4)
(6987,1.0470069929669521E-4)
(6988,1.0470069929669521E-4)
(6989,1.0470069929669521E-4)
(6990,1.0470069929669521E-4)
(6991,1.0470069929669521E-4)
(6992,1.0470069929669521E-4)
(6993,1.0470069929669521E-4)
(6994,1.0470069929669521E-4)
(6995,1.0470069929669521E-4)
(6996,1.0470069929669521E-4)
(6997,1.0470069929669521E-4)
(6998,1.0470069929669521E-4)
(6999,1.0470069929669521E-4)
(7000,1.0470069929669521E-4)
(7001,1.5888125735610845E-5)
(7002,2.9391220523344354E-5)
(7003,4.086705694684288E-5)
(7004,5.061974152456418E-5)
(7005,5.890776462131795E-5)
(7006,6.595084287305437E-5)
(7007,7.193573524791715E-5)
(7008,7.702118669812164E-5)
(7009,8.134213026403417E-5)
(7010,8.501325886262295E-5)
(7011,1.0470069929669521E-4)
(7012,1.0470069929669521E-4)
(7013,1.0470069929669521E-4)
(7014,1.0470069929669521E-4)
(7015,1.0470069929669521E-4)
(7016,1.0470069929669521E-4)
(7017,1.0470069929669521E-4)
(7018,1.0470069929669521E-4)
(7019,1.0470069929669521E-4)
(7020,1.0470069929669521E-4)
(7021,1.0470069929669521E-4)
(7022,1.0470069929669521E-4)
(7023,1.0470069929669521E-4)
(7024,1.0470069929669521E-4)
(7025,1.0470069929669521E-4)
(7026,1.0470069929669521E-4)
(7027,1.0470069929669521E-4)
(7028,1.0470069929669521E-4)
(7029,1.0470069929669521E-4)
(7030,1.0470069929669521E-4)
(7031,1.0470069929669521E-4)
(7032,1.0470069929669521E-4)
(7033,1.0470069929669521E-4)
(7034,1.0470069929669521E-4)
(7035,1.0470069929669521E-4)
(7036,1.0470069929669521E-4)
(7037,1.0470069929669521E-4)
(7038,1.0470069929669521E-4)
(7039,1.0470069929669521E-4)
(7040,1.0470069929669521E-4)
(7041,1.0470069929669521E-4)
(7042,1.0470069929669521E-4)
(7043,1.0470069929669521E-4)
(7044,1.0470069929669521E-4)
(7045,1.0470069929669521E-4)
(7046,1.0470069929669521E-4)
(7047,1.0470069929669521E-4)
(7048,1.0470069929669521E-4)
(7049,1.0470069929669521E-4)
(7050,1.0470069929669521E-4)
(7051,1.0470069929669521E-4)
(7052,1.0470069929669521E-4)
(7053,1.0470069929669521E-4)
(7054,1.0470069929669521E-4)
(7055,1.0470069929669521E-4)
(7056,1.0470069929669521E-4)
(7057,1.0470069929669521E-4)
(7058,1.0470069929669521E-4)
(7059,1.0470069929669521E-4)
(7060,1.0470069929669521E-4)
(7061,1.0470069929669521E-4)
(7062,1.0470069929669521E-4)
(7063,1.0470069929669521E-4)
(7064,1.0470069929669521E-4)
(7065,1.0470069929669521E-4)
(7066,1.0470069929669521E-4)
(7067,1.0470069929669521E-4)
(7068,1.0470069929669521E-4)
(7069,1.0470069929669521E-4)
(7070,1.0470069929669521E-4)
(7071,1.0470069929669521E-4)
(7072,1.0470069929669521E-4)
(7073,1.0470069929669521E-4)
(7074,1.0470069929669521E-4)
(7075,1.0470069929669521E-4)
(7076,1.0470069929669521E-4)
(7077,1.0470069929669521E-4)
(7078,1.0470069929669521E-4)
(7079,1.0470069929669521E-4)
(7080,1.0470069929669521E-4)
(7081,1.0470069929669521E-4)
(7082,1.0470069929669521E-4)
(7083,1.0470069929669521E-4)
(7084,1.0470069929669521E-4)
(7085,1.0470069929669521E-4)
(7086,1.0470069929669521E-4)
(7087,1.0470069929669521E-4)
(7088,1.0470069929669521E-4)
(7089,1.0470069929669521E-4)
(7090,1.0470069929669521E-4)
(7091,1.0470069929669521E-4)
(7092,1.0470069929669521E-4)
(7093,1.0470069929669521E-4)
(7094,1.0470069929669521E-4)
(7095,1.0470069929669521E-4)
(7096,1.0470069929669521E-4)
(7097,1.0470069929669521E-4)
(7098,1.0470069929669521E-4)
(7099,1.0470069929669521E-4)
(7100,1.0470069929669521E-4)
(7101,1.5888125735610845E-5)
(7102,2.9391220523344354E-5)
(7103,4.086705694684288E-5)
(7104,5.061974152456418E-5)
(7105,5.890776462131795E-5)
(7106,6.595084287305437E-5)
(7107,7.193573524791715E-5)
(7108,7.702118669812164E-5)
(7109,8.134213026403417E-5)
(7110,8.501325886262295E-5)
(7111,1.0470069929669521E-4)
(7112,1.0470069929669521E-4)
(7113,1.0470069929669521E-4)
(7114,1.0470069929669521E-4)
(7115,1.0470069929669521E-4)
(7116,1.0470069929669521E-4)
(7117,1.0470069929669521E-4)
(7118,1.0470069929669521E-4)
(7119,1.0470069929669521E-4)
(7120,1.0470069929669521E-4)
(7121,1.0470069929669521E-4)
(7122,1.0470069929669521E-4)
(7123,1.0470069929669521E-4)
(7124,1.0470069929669521E-4)
(7125,1.0470069929669521E-4)
(7126,1.0470069929669521E-4)
(7127,1.0470069929669521E-4)
(7128,1.0470069929669521E-4)
(7129,1.0470069929669521E-4)
(7130,1.0470069929669521E-4)
(7131,1.0470069929669521E-4)
(7132,1.0470069929669521E-4)
(7133,1.0470069929669521E-4)
(7134,1.0470069929669521E-4)
(7135,1.0470069929669521E-4)
(7136,1.0470069929669521E-4)
(7137,1.0470069929669521E-4)
(7138,1.0470069929669521E-4)
(7139,1.0470069929669521E-4)
(7140,1.0470069929669521E-4)
(7141,1.0470069929669521E-4)
(7142,1.0470069929669521E-4)
(7143,1.0470069929669521E-4)
(7144,1.0470069929669521E-4)
(7145,1.0470069929669521E-4)
(7146,1.0470069929669521E-4)
(7147,1.0470069929669521E-4)
(7148,1.0470069929669521E-4)
(7149,1.0470069929669521E-4)
(7150,1.0470069929669521E-4)
(7151,1.0470069929669521E-4)
(7152,1.0470069929669521E-4)
(7153,1.0470069929669521E-4)
(7154,1.0470069929669521E-4)
(7155,1.0470069929669521E-4)
(7156,1.0470069929669521E-4)
(7157,1.0470069929669521E-4)
(7158,1.0470069929669521E-4)
(7159,1.0470069929669521E-4)
(7160,1.0470069929669521E-4)
(7161,1.0470069929669521E-4)
(7162,1.0470069929669521E-4)
(7163,1.0470069929669521E-4)
(7164,1.0470069929669521E-4)
(7165,1.0470069929669521E-4)
(7166,1.0470069929669521E-4)
(7167,1.0470069929669521E-4)
(7168,1.0470069929669521E-4)
(7169,1.0470069929669521E-4)
(7170,1.0470069929669521E-4)
(7171,1.0470069929669521E-4)
(7172,1.0470069929669521E-4)
(7173,1.0470069929669521E-4)
(7174,1.0470069929669521E-4)
(7175,1.0470069929669521E-4)
(7176,1.0470069929669521E-4)
(7177,1.0470069929669521E-4)
(7178,1.0470069929669521E-4)
(7179,1.0470069929669521E-4)
(7180,1.0470069929669521E-4)
(7181,1.0470069929669521E-4)
(7182,1.0470069929669521E-4)
(7183,1.0470069929669521E-4)
(7184,1.0470069929669521E-4)
(7185,1.0470069929669521E-4)
(7186,1.0470069929669521E-4)
(7187,1.0470069929669521E-4)
(7188,1.0470069929669521E-4)
(7189,1.0470069929669521E-4)
(7190,1.0470069929669521E-4)
(7191,1.0470069929669521E-4)
(7192,1.0470069929669521E-4)
(7193,1.0470069929669521E-4)
(7194,1.0470069929669521E-4)
(7195,1.0470069929669521E-4)
(7196,1.0470069929669521E-4)
(7197,1.0470069929669521E-4)
(7198,1.0470069929669521E-4)
(7199,1.0470069929669521E-4)
(7200,1.0470069929669521E-4)
(7201,1.5888125735610845E-5)
(7202,2.9391220523344354E-5)
(7203,4.086705694684288E-5)
(7204,5.061974152456418E-5)
(7205,5.890776462131795E-5)
(7206,6.595084287305437E-5)
(7207,7.193573524791715E-5)
(7208,7.702118669812164E-5)
(7209,8.134213026403417E-5)
(7210,8.501325886262295E-5)
(7211,1.0470069929669521E-4)
(7212,1.0470069929669521E-4)
(7213,1.0470069929669521E-4)
(7214,1.0470069929669521E-4)
(7215,1.0470069929669521E-4)
(7216,1.0470069929669521E-4)
(7217,1.0470069929669521E-4)
(7218,1.0470069929669521E-4)
(7219,1.0470069929669521E-4)
(7220,1.0470069929669521E-4)
(7221,1.0470069929669521E-4)
(7222,1.0470069929669521E-4)
(7223,1.0470069929669521E-4)
(7224,1.0470069929669521E-4)
(7225,1.0470069929669521E-4)
(7226,1.0470069929669521E-4)
(7227,1.0470069929669521E-4)
(7228,1.0470069929669521E-4)
(7229,1.0470069929669521E-4)
(7230,1.0470069929669521E-4)
(7231,1.0470069929669521E-4)
(7232,1.0470069929669521E-4)
(7233,1.0470069929669521E-4)
(7234,1.0470069929669521E-4)
(7235,1.0470069929669521E-4)
(7236,1.0470069929669521E-4)
(7237,1.0470069929669521E-4)
(7238,1.0470069929669521E-4)
(7239,1.0470069929669521E-4)
(7240,1.0470069929669521E-4)
(7241,1.0470069929669521E-4)
(7242,1.0470069929669521E-4)
(7243,1.0470069929669521E-4)
(7244,1.0470069929669521E-4)
(7245,1.0470069929669521E-4)
(7246,1.0470069929669521E-4)
(7247,1.0470069929669521E-4)
(7248,1.0470069929669521E-4)
(7249,1.0470069929669521E-4)
(7250,1.0470069929669521E-4)
(7251,1.0470069929669521E-4)
(7252,1.0470069929669521E-4)
(7253,1.0470069929669521E-4)
(7254,1.0470069929669521E-4)
(7255,1.0470069929669521E-4)
(7256,1.0470069929669521E-4)
(7257,1.0470069929669521E-4)
(7258,1.0470069929669521E-4)
(7259,1.0470069929669521E-4)
(7260,1.0470069929669521E-4)
(7261,1.0470069929669521E-4)
(7262,1.0470069929669521E-4)
(7263,1.0470069929669521E-4)
(7264,1.0470069929669521E-4)
(7265,1.0470069929669521E-4)
(7266,1.0470069929669521E-4)
(7267,1.0470069929669521E-4)
(7268,1.0470069929669521E-4)
(7269,1.0470069929669521E-4)
(7270,1.0470069929669521E-4)
(7271,1.0470069929669521E-4)
(7272,1.0470069929669521E-4)
(7273,1.0470069929669521E-4)
(7274,1.0470069929669521E-4)
(7275,1.0470069929669521E-4)
(7276,1.0470069929669521E-4)
(7277,1.0470069929669521E-4)
(7278,1.0470069929669521E-4)
(7279,1.0470069929669521E-4)
(7280,1.0470069929669521E-4)
(7281,1.0470069929669521E-4)
(7282,1.0470069929669521E-4)
(7283,1.0470069929669521E-4)
(7284,1.0470069929669521E-4)
(7285,1.0470069929669521E-4)
(7286,1.0470069929669521E-4)
(7287,1.0470069929669521E-4)
(7288,1.0470069929669521E-4)
(7289,1.0470069929669521E-4)
(7290,1.0470069929669521E-4)
(7291,1.0470069929669521E-4)
(7292,1.0470069929669521E-4)
(7293,1.0470069929669521E-4)
(7294,1.0470069929669521E-4)
(7295,1.0470069929669521E-4)
(7296,1.0470069929669521E-4)
(7297,1.0470069929669521E-4)
(7298,1.0470069929669521E-4)
(7299,1.0470069929669521E-4)
(7300,1.0470069929669521E-4)
(7301,1.5888125735610845E-5)
(7302,2.9391220523344354E-5)
(7303,4.086705694684288E-5)
(7304,5.061974152456418E-5)
(7305,5.890776462131795E-5)
(7306,6.595084287305437E-5)
(7307,7.193573524791715E-5)
(7308,7.702118669812164E-5)
(7309,8.134213026403417E-5)
(7310,8.501325886262295E-5)
(7311,1.0470069929669521E-4)
(7312,1.0470069929669521E-4)
(7313,1.0470069929669521E-4)
(7314,1.0470069929669521E-4)
(7315,1.0470069929669521E-4)
(7316,1.0470069929669521E-4)
(7317,1.0470069929669521E-4)
(7318,1.0470069929669521E-4)
(7319,1.0470069929669521E-4)
(7320,1.0470069929669521E-4)
(7321,1.0470069929669521E-4)
(7322,1.0470069929669521E-4)
(7323,1.0470069929669521E-4)
(7324,1.0470069929669521E-4)
(7325,1.0470069929669521E-4)
(7326,1.0470069929669521E-4)
(7327,1.0470069929669521E-4)
(7328,1.0470069929669521E-4)
(7329,1.0470069929669521E-4)
(7330,1.0470069929669521E-4)
(7331,1.0470069929669521E-4)
(7332,1.0470069929669521E-4)
(7333,1.0470069929669521E-4)
(7334,1.0470069929669521E-4)
(7335,1.0470069929669521E-4)
(7336,1.0470069929669521E-4)
(7337,1.0470069929669521E-4)
(7338,1.0470069929669521E-4)
(7339,1.0470069929669521E-4)
(7340,1.0470069929669521E-4)
(7341,1.0470069929669521E-4)
(7342,1.0470069929669521E-4)
(7343,1.0470069929669521E-4)
(7344,1.0470069929669521E-4)
(7345,1.0470069929669521E-4)
(7346,1.0470069929669521E-4)
(7347,1.0470069929669521E-4)
(7348,1.0470069929669521E-4)
(7349,1.0470069929669521E-4)
(7350,1.0470069929669521E-4)
(7351,1.0470069929669521E-4)
(7352,1.0470069929669521E-4)
(7353,1.0470069929669521E-4)
(7354,1.0470069929669521E-4)
(7355,1.0470069929669521E-4)
(7356,1.0470069929669521E-4)
(7357,1.0470069929669521E-4)
(7358,1.0470069929669521E-4)
(7359,1.0470069929669521E-4)
(7360,1.0470069929669521E-4)
(7361,1.0470069929669521E-4)
(7362,1.0470069929669521E-4)
(7363,1.0470069929669521E-4)
(7364,1.0470069929669521E-4)
(7365,1.0470069929669521E-4)
(7366,1.0470069929669521E-4)
(7367,1.0470069929669521E-4)
(7368,1.0470069929669521E-4)
(7369,1.0470069929669521E-4)
(7370,1.0470069929669521E-4)
(7371,1.0470069929669521E-4)
(7372,1.0470069929669521E-4)
(7373,1.0470069929669521E-4)
(7374,1.0470069929669521E-4)
(7375,1.0470069929669521E-4)
(7376,1.0470069929669521E-4)
(7377,1.0470069929669521E-4)
(7378,1.0470069929669521E-4)
(7379,1.0470069929669521E-4)
(7380,1.0470069929669521E-4)
(7381,1.0470069929669521E-4)
(7382,1.0470069929669521E-4)
(7383,1.0470069929669521E-4)
(7384,1.0470069929669521E-4)
(7385,1.0470069929669521E-4)
(7386,1.0470069929669521E-4)
(7387,1.0470069929669521E-4)
(7388,1.0470069929669521E-4)
(7389,1.0470069929669521E-4)
(7390,1.0470069929669521E-4)
(7391,1.0470069929669521E-4)
(7392,1.0470069929669521E-4)
(7393,1.0470069929669521E-4)
(7394,1.0470069929669521E-4)
(7395,1.0470069929669521E-4)
(7396,1.0470069929669521E-4)
(7397,1.0470069929669521E-4)
(7398,1.0470069929669521E-4)
(7399,1.0470069929669521E-4)
(7400,1.0470069929669521E-4)
(7401,1.5888125735610845E-5)
(7402,2.9391220523344354E-5)
(7403,4.086705694684288E-5)
(7404,5.061974152456418E-5)
(7405,5.890776462131795E-5)
(7406,6.595084287305437E-5)
(7407,7.193573524791715E-5)
(7408,7.702118669812164E-5)
(7409,8.134213026403417E-5)
(7410,8.501325886262295E-5)
(7411,1.0470069929669521E-4)
(7412,1.0470069929669521E-4)
(7413,1.0470069929669521E-4)
(7414,1.0470069929669521E-4)
(7415,1.0470069929669521E-4)
(7416,1.0470069929669521E-4)
(7417,1.0470069929669521E-4)
(7418,1.0470069929669521E-4)
(7419,1.0470069929669521E-4)
(7420,1.0470069929669521E-4)
(7421,1.0470069929669521E-4)
(7422,1.0470069929669521E-4)
(7423,1.0470069929669521E-4)
(7424,1.0470069929669521E-4)
(7425,1.0470069929669521E-4)
(7426,1.0470069929669521E-4)
(7427,1.0470069929669521E-4)
(7428,1.0470069929669521E-4)
(7429,1.0470069929669521E-4)
(7430,1.0470069929669521E-4)
(7431,1.0470069929669521E-4)
(7432,1.0470069929669521E-4)
(7433,1.0470069929669521E-4)
(7434,1.0470069929669521E-4)
(7435,1.0470069929669521E-4)
(7436,1.0470069929669521E-4)
(7437,1.0470069929669521E-4)
(7438,1.0470069929669521E-4)
(7439,1.0470069929669521E-4)
(7440,1.0470069929669521E-4)
(7441,1.0470069929669521E-4)
(7442,1.0470069929669521E-4)
(7443,1.0470069929669521E-4)
(7444,1.0470069929669521E-4)
(7445,1.0470069929669521E-4)
(7446,1.0470069929669521E-4)
(7447,1.0470069929669521E-4)
(7448,1.0470069929669521E-4)
(7449,1.0470069929669521E-4)
(7450,1.0470069929669521E-4)
(7451,1.0470069929669521E-4)
(7452,1.0470069929669521E-4)
(7453,1.0470069929669521E-4)
(7454,1.0470069929669521E-4)
(7455,1.0470069929669521E-4)
(7456,1.0470069929669521E-4)
(7457,1.0470069929669521E-4)
(7458,1.0470069929669521E-4)
(7459,1.0470069929669521E-4)
(7460,1.0470069929669521E-4)
(7461,1.0470069929669521E-4)
(7462,1.0470069929669521E-4)
(7463,1.0470069929669521E-4)
(7464,1.0470069929669521E-4)
(7465,1.0470069929669521E-4)
(7466,1.0470069929669521E-4)
(7467,1.0470069929669521E-4)
(7468,1.0470069929669521E-4)
(7469,1.0470069929669521E-4)
(7470,1.0470069929669521E-4)
(7471,1.0470069929669521E-4)
(7472,1.0470069929669521E-4)
(7473,1.0470069929669521E-4)
(7474,1.0470069929669521E-4)
(7475,1.0470069929669521E-4)
(7476,1.0470069929669521E-4)
(7477,1.0470069929669521E-4)
(7478,1.0470069929669521E-4)
(7479,1.0470069929669521E-4)
(7480,1.0470069929669521E-4)
(7481,1.0470069929669521E-4)
(7482,1.0470069929669521E-4)
(7483,1.0470069929669521E-4)
(7484,1.0470069929669521E-4)
(7485,1.0470069929669521E-4)
(7486,1.0470069929669521E-4)
(7487,1.0470069929669521E-4)
(7488,1.0470069929669521E-4)
(7489,1.0470069929669521E-4)
(7490,1.0470069929669521E-4)
(7491,1.0470069929669521E-4)
(7492,1.0470069929669521E-4)
(7493,1.0470069929669521E-4)
(7494,1.0470069929669521E-4)
(7495,1.0470069929669521E-4)
(7496,1.0470069929669521E-4)
(7497,1.0470069929669521E-4)
(7498,1.0470069929669521E-4)
(7499,1.0470069929669521E-4)
(7500,1.0470069929669521E-4)
(7501,1.5888125735610845E-5)
(7502,2.9391220523344354E-5)
(7503,4.086705694684288E-5)
(7504,5.061974152456418E-5)
(7505,5.890776462131795E-5)
(7506,6.595084287305437E-5)
(7507,7.193573524791715E-5)
(7508,7.702118669812164E-5)
(7509,8.134213026403417E-5)
(7510,8.501325886262295E-5)
(7511,1.0470069929669521E-4)
(7512,1.0470069929669521E-4)
(7513,1.0470069929669521E-4)
(7514,1.0470069929669521E-4)
(7515,1.0470069929669521E-4)
(7516,1.0470069929669521E-4)
(7517,1.0470069929669521E-4)
(7518,1.0470069929669521E-4)
(7519,1.0470069929669521E-4)
(7520,1.0470069929669521E-4)
(7521,1.0470069929669521E-4)
(7522,1.0470069929669521E-4)
(7523,1.0470069929669521E-4)
(7524,1.0470069929669521E-4)
(7525,1.0470069929669521E-4)
(7526,1.0470069929669521E-4)
(7527,1.0470069929669521E-4)
(7528,1.0470069929669521E-4)
(7529,1.0470069929669521E-4)
(7530,1.0470069929669521E-4)
(7531,1.0470069929669521E-4)
(7532,1.0470069929669521E-4)
(7533,1.0470069929669521E-4)
(7534,1.0470069929669521E-4)
(7535,1.0470069929669521E-4)
(7536,1.0470069929669521E-4)
(7537,1.0470069929669521E-4)
(7538,1.0470069929669521E-4)
(7539,1.0470069929669521E-4)
(7540,1.0470069929669521E-4)
(7541,1.0470069929669521E-4)
(7542,1.0470069929669521E-4)
(7543,1.0470069929669521E-4)
(7544,1.0470069929669521E-4)
(7545,1.0470069929669521E-4)
(7546,1.0470069929669521E-4)
(7547,1.0470069929669521E-4)
(7548,1.0470069929669521E-4)
(7549,1.0470069929669521E-4)
(7550,1.0470069929669521E-4)
(7551,1.0470069929669521E-4)
(7552,1.0470069929669521E-4)
(7553,1.0470069929669521E-4)
(7554,1.0470069929669521E-4)
(7555,1.0470069929669521E-4)
(7556,1.0470069929669521E-4)
(7557,1.0470069929669521E-4)
(7558,1.0470069929669521E-4)
(7559,1.0470069929669521E-4)
(7560,1.0470069929669521E-4)
(7561,1.0470069929669521E-4)
(7562,1.0470069929669521E-4)
(7563,1.0470069929669521E-4)
(7564,1.0470069929669521E-4)
(7565,1.0470069929669521E-4)
(7566,1.0470069929669521E-4)
(7567,1.0470069929669521E-4)
(7568,1.0470069929669521E-4)
(7569,1.0470069929669521E-4)
(7570,1.0470069929669521E-4)
(7571,1.0470069929669521E-4)
(7572,1.0470069929669521E-4)
(7573,1.0470069929669521E-4)
(7574,1.0470069929669521E-4)
(7575,1.0470069929669521E-4)
(7576,1.0470069929669521E-4)
(7577,1.0470069929669521E-4)
(7578,1.0470069929669521E-4)
(7579,1.0470069929669521E-4)
(7580,1.0470069929669521E-4)
(7581,1.0470069929669521E-4)
(7582,1.0470069929669521E-4)
(7583,1.0470069929669521E-4)
(7584,1.0470069929669521E-4)
(7585,1.0470069929669521E-4)
(7586,1.0470069929669521E-4)
(7587,1.0470069929669521E-4)
(7588,1.0470069929669521E-4)
(7589,1.0470069929669521E-4)
(7590,1.0470069929669521E-4)
(7591,1.0470069929669521E-4)
(7592,1.0470069929669521E-4)
(7593,1.0470069929669521E-4)
(7594,1.0470069929669521E-4)
(7595,1.0470069929669521E-4)
(7596,1.0470069929669521E-4)
(7597,1.0470069929669521E-4)
(7598,1.0470069929669521E-4)
(7599,1.0470069929669521E-4)
(7600,1.0470069929669521E-4)
(7601,1.5888125735610845E-5)
(7602,2.9391220523344354E-5)
(7603,4.086705694684288E-5)
(7604,5.061974152456418E-5)
(7605,5.890776462131795E-5)
(7606,6.595084287305437E-5)
(7607,7.193573524791715E-5)
(7608,7.702118669812164E-5)
(7609,8.134213026403417E-5)
(7610,8.501325886262295E-5)
(7611,1.0470069929669521E-4)
(7612,1.0470069929669521E-4)
(7613,1.0470069929669521E-4)
(7614,1.0470069929669521E-4)
(7615,1.0470069929669521E-4)
(7616,1.0470069929669521E-4)
(7617,1.0470069929669521E-4)
(7618,1.0470069929669521E-4)
(7619,1.0470069929669521E-4)
(7620,1.0470069929669521E-4)
(7621,1.0470069929669521E-4)
(7622,1.0470069929669521E-4)
(7623,1.0470069929669521E-4)
(7624,1.0470069929669521E-4)
(7625,1.0470069929669521E-4)
(7626,1.0470069929669521E-4)
(7627,1.0470069929669521E-4)
(7628,1.0470069929669521E-4)
(7629,1.0470069929669521E-4)
(7630,1.0470069929669521E-4)
(7631,1.0470069929669521E-4)
(7632,1.0470069929669521E-4)
(7633,1.0470069929669521E-4)
(7634,1.0470069929669521E-4)
(7635,1.0470069929669521E-4)
(7636,1.0470069929669521E-4)
(7637,1.0470069929669521E-4)
(7638,1.0470069929669521E-4)
(7639,1.0470069929669521E-4)
(7640,1.0470069929669521E-4)
(7641,1.0470069929669521E-4)
(7642,1.0470069929669521E-4)
(7643,1.0470069929669521E-4)
(7644,1.0470069929669521E-4)
(7645,1.0470069929669521E-4)
(7646,1.0470069929669521E-4)
(7647,1.0470069929669521E-4)
(7648,1.0470069929669521E-4)
(7649,1.0470069929669521E-4)
(7650,1.0470069929669521E-4)
(7651,1.0470069929669521E-4)
(7652,1.0470069929669521E-4)
(7653,1.0470069929669521E-4)
(7654,1.0470069929669521E-4)
(7655,1.0470069929669521E-4)
(7656,1.0470069929669521E-4)
(7657,1.0470069929669521E-4)
(7658,1.0470069929669521E-4)
(7659,1.0470069929669521E-4)
(7660,1.0470069929669521E-4)
(7661,1.0470069929669521E-4)
(7662,1.0470069929669521E-4)
(7663,1.0470069929669521E-4)
(7664,1.0470069929669521E-4)
(7665,1.0470069929669521E-4)
(7666,1.0470069929669521E-4)
(7667,1.0470069929669521E-4)
(7668,1.0470069929669521E-4)
(7669,1.0470069929669521E-4)
(7670,1.0470069929669521E-4)
(7671,1.0470069929669521E-4)
(7672,1.0470069929669521E-4)
(7673,1.0470069929669521E-4)
(7674,1.0470069929669521E-4)
(7675,1.0470069929669521E-4)
(7676,1.0470069929669521E-4)
(7677,1.0470069929669521E-4)
(7678,1.0470069929669521E-4)
(7679,1.0470069929669521E-4)
(7680,1.0470069929669521E-4)
(7681,1.0470069929669521E-4)
(7682,1.0470069929669521E-4)
(7683,1.0470069929669521E-4)
(7684,1.0470069929669521E-4)
(7685,1.0470069929669521E-4)
(7686,1.0470069929669521E-4)
(7687,1.0470069929669521E-4)
(7688,1.0470069929669521E-4)
(7689,1.0470069929669521E-4)
(7690,1.0470069929669521E-4)
(7691,1.0470069929669521E-4)
(7692,1.0470069929669521E-4)
(7693,1.0470069929669521E-4)
(7694,1.0470069929669521E-4)
(7695,1.0470069929669521E-4)
(7696,1.0470069929669521E-4)
(7697,1.0470069929669521E-4)
(7698,1.0470069929669521E-4)
(7699,1.0470069929669521E-4)
(7700,1.0470069929669521E-4)
(7701,1.5888125735610845E-5)
(7702,2.9391220523344354E-5)
(7703,4.086705694684288E-5)
(7704,5.061974152456418E-5)
(7705,5.890776462131795E-5)
(7706,6.595084287305437E-5)
(7707,7.193573524791715E-5)
(7708,7.702118669812164E-5)
(7709,8.134213026403417E-5)
(7710,8.501325886262295E-5)
(7711,1.0470069929669521E-4)
(7712,1.0470069929669521E-4)
(7713,1.0470069929669521E-4)
(7714,1.0470069929669521E-4)
(7715,1.0470069929669521E-4)
(7716,1.0470069929669521E-4)
(7717,1.0470069929669521E-4)
(7718,1.0470069929669521E-4)
(7719,1.0470069929669521E-4)
(7720,1.0470069929669521E-4)
(7721,1.0470069929669521E-4)
(7722,1.0470069929669521E-4)
(7723,1.0470069929669521E-4)
(7724,1.0470069929669521E-4)
(7725,1.0470069929669521E-4)
(7726,1.0470069929669521E-4)
(7727,1.0470069929669521E-4)
(7728,1.0470069929669521E-4)
(7729,1.0470069929669521E-4)
(7730,1.0470069929669521E-4)
(7731,1.0470069929669521E-4)
(7732,1.0470069929669521E-4)
(7733,1.0470069929669521E-4)
(7734,1.0470069929669521E-4)
(7735,1.0470069929669521E-4)
(7736,1.0470069929669521E-4)
(7737,1.0470069929669521E-4)
(7738,1.0470069929669521E-4)
(7739,1.0470069929669521E-4)
(7740,1.0470069929669521E-4)
(7741,1.0470069929669521E-4)
(7742,1.0470069929669521E-4)
(7743,1.0470069929669521E-4)
(7744,1.0470069929669521E-4)
(7745,1.0470069929669521E-4)
(7746,1.0470069929669521E-4)
(7747,1.0470069929669521E-4)
(7748,1.0470069929669521E-4)
(7749,1.0470069929669521E-4)
(7750,1.0470069929669521E-4)
(7751,1.0470069929669521E-4)
(7752,1.0470069929669521E-4)
(7753,1.0470069929669521E-4)
(7754,1.0470069929669521E-4)
(7755,1.0470069929669521E-4)
(7756,1.0470069929669521E-4)
(7757,1.0470069929669521E-4)
(7758,1.0470069929669521E-4)
(7759,1.0470069929669521E-4)
(7760,1.0470069929669521E-4)
(7761,1.0470069929669521E-4)
(7762,1.0470069929669521E-4)
(7763,1.0470069929669521E-4)
(7764,1.0470069929669521E-4)
(7765,1.0470069929669521E-4)
(7766,1.0470069929669521E-4)
(7767,1.0470069929669521E-4)
(7768,1.0470069929669521E-4)
(7769,1.0470069929669521E-4)
