(7137,1.0157972499999999E-4)
(7138,1.0157972499999999E-4)
(7139,1.0157972499999999E-4)
(7140,1.0157972499999999E-4)
(7141,1.0157972499999999E-4)
(7142,1.0157972499999999E-4)
(7143,1.0157972499999999E-4)
(7144,1.0157972499999999E-4)
(7145,1.0157972499999999E-4)
(7146,1.0157972499999999E-4)
(7147,1.0157972499999999E-4)
(7148,1.0157972499999999E-4)
(7149,1.0157972499999999E-4)
(7150,1.0157972499999999E-4)
(7151,1.0157972499999999E-4)
(7152,1.0157972499999999E-4)
(7153,1.0157972499999999E-4)
(7154,1.0157972499999999E-4)
(7155,1.0157972499999999E-4)
(7156,1.0157972499999999E-4)
(7157,1.0157972499999999E-4)
(7158,1.0157972499999999E-4)
(7159,1.0157972499999999E-4)
(7160,1.0157972499999999E-4)
(7161,1.0157972499999999E-4)
(7162,1.0157972499999999E-4)
(7163,1.0157972499999999E-4)
(7164,1.0157972499999999E-4)
(7165,1.0157972499999999E-4)
(7166,1.0157972499999999E-4)
(7167,1.0157972499999999E-4)
(7168,1.0157972499999999E-4)
(7169,1.0157972499999999E-4)
(7170,1.0157972499999999E-4)
(7171,1.0157972499999999E-4)
(7172,1.0157972499999999E-4)
(7173,1.0157972499999999E-4)
(7174,1.0157972499999999E-4)
(7175,1.0157972499999999E-4)
(7176,1.0157972499999999E-4)
(7177,1.0157972499999999E-4)
(7178,1.0157972499999999E-4)
(7179,1.0157972499999999E-4)
(7180,1.0157972499999999E-4)
(7181,1.0157972499999999E-4)
(7182,1.0157972499999999E-4)
(7183,1.0157972499999999E-4)
(7184,1.0157972499999999E-4)
(7185,1.0157972499999999E-4)
(7186,1.0157972499999999E-4)
(7187,1.0157972499999999E-4)
(7188,1.0157972499999999E-4)
(7189,1.0157972499999999E-4)
(7190,1.0157972499999999E-4)
(7191,1.0157972499999999E-4)
(7192,1.0157972499999999E-4)
(7193,1.0157972499999999E-4)
(7194,1.0157972499999999E-4)
(7195,1.0157972499999999E-4)
(7196,1.0157972499999999E-4)
(7197,1.0157972499999999E-4)
(7198,1.0157972499999999E-4)
(7199,1.0157972499999999E-4)
(7200,1.0157972499999999E-4)
(7201,1.5857225E-5)
(7202,2.9329725E-5)
(7203,1.0157972499999999E-4)
(7204,1.0157972499999999E-4)
(7205,1.0157972499999999E-4)
(7206,1.0157972499999999E-4)
(7207,1.0157972499999999E-4)
(7208,1.0157972499999999E-4)
(7209,1.0157972499999999E-4)
(7210,1.0157972499999999E-4)
(7211,1.0157972499999999E-4)
(7212,1.0157972499999999E-4)
(7213,1.0157972499999999E-4)
(7214,1.0157972499999999E-4)
(7215,1.0157972499999999E-4)
(7216,1.0157972499999999E-4)
(7217,1.0157972499999999E-4)
(7218,1.0157972499999999E-4)
(7219,1.0157972499999999E-4)
(7220,1.0157972499999999E-4)
(7221,1.0157972499999999E-4)
(7222,1.0157972499999999E-4)
(7223,1.0157972499999999E-4)
(7224,1.0157972499999999E-4)
(7225,1.0157972499999999E-4)
(7226,1.0157972499999999E-4)
(7227,1.0157972499999999E-4)
(7228,1.0157972499999999E-4)
(7229,1.0157972499999999E-4)
(7230,1.0157972499999999E-4)
(7231,1.0157972499999999E-4)
(7232,1.0157972499999999E-4)
(7233,1.0157972499999999E-4)
(7234,1.0157972499999999E-4)
(7235,1.0157972499999999E-4)
(7236,1.0157972499999999E-4)
(7237,1.0157972499999999E-4)
(7238,1.0157972499999999E-4)
(7239,1.0157972499999999E-4)
(7240,1.0157972499999999E-4)
(7241,1.0157972499999999E-4)
(7242,1.0157972499999999E-4)
(7243,1.0157972499999999E-4)
(7244,1.0157972499999999E-4)
(7245,1.0157972499999999E-4)
(7246,1.0157972499999999E-4)
(7247,1.0157972499999999E-4)
(7248,1.0157972499999999E-4)
(7249,1.0157972499999999E-4)
(7250,1.0157972499999999E-4)
(7251,1.0157972499999999E-4)
(7252,1.0157972499999999E-4)
(7253,1.0157972499999999E-4)
(7254,1.0157972499999999E-4)
(7255,1.0157972499999999E-4)
(7256,1.0157972499999999E-4)
(7257,1.0157972499999999E-4)
(7258,1.0157972499999999E-4)
(7259,1.0157972499999999E-4)
(7260,1.0157972499999999E-4)
(7261,1.0157972499999999E-4)
(7262,1.0157972499999999E-4)
(7263,1.0157972499999999E-4)
(7264,1.0157972499999999E-4)
(7265,1.0157972499999999E-4)
(7266,1.0157972499999999E-4)
(7267,1.0157972499999999E-4)
(7268,1.0157972499999999E-4)
(7269,1.0157972499999999E-4)
(7270,1.0157972499999999E-4)
(7271,1.0157972499999999E-4)
(7272,1.0157972499999999E-4)
(7273,1.0157972499999999E-4)
(7274,1.0157972499999999E-4)
(7275,1.0157972499999999E-4)
(7276,1.0157972499999999E-4)
(7277,1.0157972499999999E-4)
(7278,1.0157972499999999E-4)
(7279,1.0157972499999999E-4)
(7280,1.0157972499999999E-4)
(7281,1.0157972499999999E-4)
(7282,1.0157972499999999E-4)
(7283,1.0157972499999999E-4)
(7284,1.0157972499999999E-4)
(7285,1.0157972499999999E-4)
(7286,1.0157972499999999E-4)
(7287,1.0157972499999999E-4)
(7288,1.0157972499999999E-4)
(7289,1.0157972499999999E-4)
(7290,1.0157972499999999E-4)
(7291,1.0157972499999999E-4)
(7292,1.0157972499999999E-4)
(7293,1.0157972499999999E-4)
(7294,1.0157972499999999E-4)
(7295,1.0157972499999999E-4)
(7296,1.0157972499999999E-4)
(7297,1.0157972499999999E-4)
(7298,1.0157972499999999E-4)
(7299,1.0157972499999999E-4)
(7300,1.0157972499999999E-4)
(7301,1.5857225E-5)
(7302,2.9329725E-5)
(7303,1.0157972499999999E-4)
(7304,1.0157972499999999E-4)
(7305,1.0157972499999999E-4)
(7306,1.0157972499999999E-4)
(7307,1.0157972499999999E-4)
(7308,1.0157972499999999E-4)
(7309,1.0157972499999999E-4)
(7310,1.0157972499999999E-4)
(7311,1.0157972499999999E-4)
(7312,1.0157972499999999E-4)
(7313,1.0157972499999999E-4)
(7314,1.0157972499999999E-4)
(7315,1.0157972499999999E-4)
(7316,1.0157972499999999E-4)
(7317,1.0157972499999999E-4)
(7318,1.0157972499999999E-4)
(7319,1.0157972499999999E-4)
(7320,1.0157972499999999E-4)
(7321,1.0157972499999999E-4)
(7322,1.0157972499999999E-4)
(7323,1.0157972499999999E-4)
(7324,1.0157972499999999E-4)
(7325,1.0157972499999999E-4)
(7326,1.0157972499999999E-4)
(7327,1.0157972499999999E-4)
(7328,1.0157972499999999E-4)
(7329,1.0157972499999999E-4)
(7330,1.0157972499999999E-4)
(7331,1.0157972499999999E-4)
(7332,1.0157972499999999E-4)
(7333,1.0157972499999999E-4)
(7334,1.0157972499999999E-4)
(7335,1.0157972499999999E-4)
(7336,1.0157972499999999E-4)
(7337,1.0157972499999999E-4)
(7338,1.0157972499999999E-4)
(7339,1.0157972499999999E-4)
(7340,1.0157972499999999E-4)
(7341,1.0157972499999999E-4)
(7342,1.0157972499999999E-4)
(7343,1.0157972499999999E-4)
(7344,1.0157972499999999E-4)
(7345,1.0157972499999999E-4)
(7346,1.0157972499999999E-4)
(7347,1.0157972499999999E-4)
(7348,1.0157972499999999E-4)
(7349,1.0157972499999999E-4)
(7350,1.0157972499999999E-4)
(7351,1.0157972499999999E-4)
(7352,1.0157972499999999E-4)
(7353,1.0157972499999999E-4)
(7354,1.0157972499999999E-4)
(7355,1.0157972499999999E-4)
(7356,1.0157972499999999E-4)
(7357,1.0157972499999999E-4)
(7358,1.0157972499999999E-4)
(7359,1.0157972499999999E-4)
(7360,1.0157972499999999E-4)
(7361,1.0157972499999999E-4)
(7362,1.0157972499999999E-4)
(7363,1.0157972499999999E-4)
(7364,1.0157972499999999E-4)
(7365,1.0157972499999999E-4)
(7366,1.0157972499999999E-4)
(7367,1.0157972499999999E-4)
(7368,1.0157972499999999E-4)
(7369,1.0157972499999999E-4)
(7370,1.0157972499999999E-4)
(7371,1.0157972499999999E-4)
(7372,1.0157972499999999E-4)
(7373,1.0157972499999999E-4)
(7374,1.0157972499999999E-4)
(7375,1.0157972499999999E-4)
(7376,1.0157972499999999E-4)
(7377,1.0157972499999999E-4)
(7378,1.0157972499999999E-4)
(7379,1.0157972499999999E-4)
(7380,1.0157972499999999E-4)
(7381,1.0157972499999999E-4)
(7382,1.0157972499999999E-4)
(7383,1.0157972499999999E-4)
(7384,1.0157972499999999E-4)
(7385,1.0157972499999999E-4)
(7386,1.0157972499999999E-4)
(7387,1.0157972499999999E-4)
(7388,1.0157972499999999E-4)
(7389,1.0157972499999999E-4)
(7390,1.0157972499999999E-4)
(7391,1.0157972499999999E-4)
(7392,1.0157972499999999E-4)
(7393,1.0157972499999999E-4)
(7394,1.0157972499999999E-4)
(7395,1.0157972499999999E-4)
(7396,1.0157972499999999E-4)
(7397,1.0157972499999999E-4)
(7398,1.0157972499999999E-4)
(7399,1.0157972499999999E-4)
(7400,1.0157972499999999E-4)
(7401,1.5857225E-5)
(7402,2.9329725E-5)
(7403,1.0157972499999999E-4)
(7404,1.0157972499999999E-4)
(7405,1.0157972499999999E-4)
(7406,1.0157972499999999E-4)
(7407,1.0157972499999999E-4)
(7408,1.0157972499999999E-4)
(7409,1.0157972499999999E-4)
(7410,1.0157972499999999E-4)
(7411,1.0157972499999999E-4)
(7412,1.0157972499999999E-4)
(7413,1.0157972499999999E-4)
(7414,1.0157972499999999E-4)
(7415,1.0157972499999999E-4)
(7416,1.0157972499999999E-4)
(7417,1.0157972499999999E-4)
(7418,1.0157972499999999E-4)
(7419,1.0157972499999999E-4)
(7420,1.0157972499999999E-4)
(7421,1.0157972499999999E-4)
(7422,1.0157972499999999E-4)
(7423,1.0157972499999999E-4)
(7424,1.0157972499999999E-4)
(7425,1.0157972499999999E-4)
(7426,1.0157972499999999E-4)
(7427,1.0157972499999999E-4)
(7428,1.0157972499999999E-4)
(7429,1.0157972499999999E-4)
(7430,1.0157972499999999E-4)
(7431,1.0157972499999999E-4)
(7432,1.0157972499999999E-4)
(7433,1.0157972499999999E-4)
(7434,1.0157972499999999E-4)
(7435,1.0157972499999999E-4)
(7436,1.0157972499999999E-4)
(7437,1.0157972499999999E-4)
(7438,1.0157972499999999E-4)
(7439,1.0157972499999999E-4)
(7440,1.0157972499999999E-4)
(7441,1.0157972499999999E-4)
(7442,1.0157972499999999E-4)
(7443,1.0157972499999999E-4)
(7444,1.0157972499999999E-4)
(7445,1.0157972499999999E-4)
(7446,1.0157972499999999E-4)
(7447,1.0157972499999999E-4)
(7448,1.0157972499999999E-4)
(7449,1.0157972499999999E-4)
(7450,1.0157972499999999E-4)
(7451,1.0157972499999999E-4)
(7452,1.0157972499999999E-4)
(7453,1.0157972499999999E-4)
(7454,1.0157972499999999E-4)
(7455,1.0157972499999999E-4)
(7456,1.0157972499999999E-4)
(7457,1.0157972499999999E-4)
(7458,1.0157972499999999E-4)
(7459,1.0157972499999999E-4)
(7460,1.0157972499999999E-4)
(7461,1.0157972499999999E-4)
(7462,1.0157972499999999E-4)
(7463,1.0157972499999999E-4)
(7464,1.0157972499999999E-4)
(7465,1.0157972499999999E-4)
(7466,1.0157972499999999E-4)
(7467,1.0157972499999999E-4)
(7468,1.0157972499999999E-4)
(7469,1.0157972499999999E-4)
(7470,1.0157972499999999E-4)
(7471,1.0157972499999999E-4)
(7472,1.0157972499999999E-4)
(7473,1.0157972499999999E-4)
(7474,1.0157972499999999E-4)
(7475,1.0157972499999999E-4)
(7476,1.0157972499999999E-4)
(7477,1.0157972499999999E-4)
(7478,1.0157972499999999E-4)
(7479,1.0157972499999999E-4)
(7480,1.0157972499999999E-4)
(7481,1.0157972499999999E-4)
(7482,1.0157972499999999E-4)
(7483,1.0157972499999999E-4)
(7484,1.0157972499999999E-4)
(7485,1.0157972499999999E-4)
(7486,1.0157972499999999E-4)
(7487,1.0157972499999999E-4)
(7488,1.0157972499999999E-4)
(7489,1.0157972499999999E-4)
(7490,1.0157972499999999E-4)
(7491,1.0157972499999999E-4)
(7492,1.0157972499999999E-4)
(7493,1.0157972499999999E-4)
(7494,1.0157972499999999E-4)
(7495,1.0157972499999999E-4)
(7496,1.0157972499999999E-4)
(7497,1.0157972499999999E-4)
(7498,1.0157972499999999E-4)
(7499,1.0157972499999999E-4)
(7500,1.0157972499999999E-4)
(7501,1.5857225E-5)
(7502,2.9329725E-5)
(7503,1.0157972499999999E-4)
(7504,1.0157972499999999E-4)
(7505,1.0157972499999999E-4)
(7506,1.0157972499999999E-4)
(7507,1.0157972499999999E-4)
(7508,1.0157972499999999E-4)
(7509,1.0157972499999999E-4)
(7510,1.0157972499999999E-4)
(7511,1.0157972499999999E-4)
(7512,1.0157972499999999E-4)
(7513,1.0157972499999999E-4)
(7514,1.0157972499999999E-4)
(7515,1.0157972499999999E-4)
(7516,1.0157972499999999E-4)
(7517,1.0157972499999999E-4)
(7518,1.0157972499999999E-4)
(7519,1.0157972499999999E-4)
(7520,1.0157972499999999E-4)
(7521,1.0157972499999999E-4)
(7522,1.0157972499999999E-4)
(7523,1.0157972499999999E-4)
(7524,1.0157972499999999E-4)
(7525,1.0157972499999999E-4)
(7526,1.0157972499999999E-4)
(7527,1.0157972499999999E-4)
(7528,1.0157972499999999E-4)
(7529,1.0157972499999999E-4)
(7530,1.0157972499999999E-4)
(7531,1.0157972499999999E-4)
(7532,1.0157972499999999E-4)
(7533,1.0157972499999999E-4)
(7534,1.0157972499999999E-4)
(7535,1.0157972499999999E-4)
(7536,1.0157972499999999E-4)
(7537,1.0157972499999999E-4)
(7538,1.0157972499999999E-4)
(7539,1.0157972499999999E-4)
(7540,1.0157972499999999E-4)
(7541,1.0157972499999999E-4)
(7542,1.0157972499999999E-4)
(7543,1.0157972499999999E-4)
(7544,1.0157972499999999E-4)
(7545,1.0157972499999999E-4)
(7546,1.0157972499999999E-4)
(7547,1.0157972499999999E-4)
(7548,1.0157972499999999E-4)
(7549,1.0157972499999999E-4)
(7550,1.0157972499999999E-4)
(7551,1.0157972499999999E-4)
(7552,1.0157972499999999E-4)
(7553,1.0157972499999999E-4)
(7554,1.0157972499999999E-4)
(7555,1.0157972499999999E-4)
(7556,1.0157972499999999E-4)
(7557,1.0157972499999999E-4)
(7558,1.0157972499999999E-4)
(7559,1.0157972499999999E-4)
(7560,1.0157972499999999E-4)
(7561,1.0157972499999999E-4)
(7562,1.0157972499999999E-4)
(7563,1.0157972499999999E-4)
(7564,1.0157972499999999E-4)
(7565,1.0157972499999999E-4)
(7566,1.0157972499999999E-4)
(7567,1.0157972499999999E-4)
(7568,1.0157972499999999E-4)
(7569,1.0157972499999999E-4)
(7570,1.0157972499999999E-4)
(7571,1.0157972499999999E-4)
(7572,1.0157972499999999E-4)
(7573,1.0157972499999999E-4)
(7574,1.0157972499999999E-4)
(7575,1.0157972499999999E-4)
(7576,1.0157972499999999E-4)
(7577,1.0157972499999999E-4)
(7578,1.0157972499999999E-4)
(7579,1.0157972499999999E-4)
(7580,1.0157972499999999E-4)
(7581,1.0157972499999999E-4)
(7582,1.0157972499999999E-4)
(7583,1.0157972499999999E-4)
(7584,1.0157972499999999E-4)
(7585,1.0157972499999999E-4)
(7586,1.0157972499999999E-4)
(7587,1.0157972499999999E-4)
(7588,1.0157972499999999E-4)
(7589,1.0157972499999999E-4)
(7590,1.0157972499999999E-4)
(7591,1.0157972499999999E-4)
(7592,1.0157972499999999E-4)
(7593,1.0157972499999999E-4)
(7594,1.0157972499999999E-4)
(7595,1.0157972499999999E-4)
(7596,1.0157972499999999E-4)
(7597,1.0157972499999999E-4)
(7598,1.0157972499999999E-4)
(7599,1.0157972499999999E-4)
(7600,1.0157972499999999E-4)
(7601,1.5857225E-5)
(7602,2.9329725E-5)
(7603,1.0157972499999999E-4)
(7604,1.0157972499999999E-4)
(7605,1.0157972499999999E-4)
(7606,1.0157972499999999E-4)
(7607,1.0157972499999999E-4)
(7608,1.0157972499999999E-4)
(7609,1.0157972499999999E-4)
(7610,1.0157972499999999E-4)
(7611,1.0157972499999999E-4)
(7612,1.0157972499999999E-4)
(7613,1.0157972499999999E-4)
(7614,1.0157972499999999E-4)
(7615,1.0157972499999999E-4)
(7616,1.0157972499999999E-4)
(7617,1.0157972499999999E-4)
(7618,1.0157972499999999E-4)
(7619,1.0157972499999999E-4)
(7620,1.0157972499999999E-4)
(7621,1.0157972499999999E-4)
(7622,1.0157972499999999E-4)
(7623,1.0157972499999999E-4)
(7624,1.0157972499999999E-4)
(7625,1.0157972499999999E-4)
(7626,1.0157972499999999E-4)
(7627,1.0157972499999999E-4)
(7628,1.0157972499999999E-4)
(7629,1.0157972499999999E-4)
(7630,1.0157972499999999E-4)
(7631,1.0157972499999999E-4)
(7632,1.0157972499999999E-4)
(7633,1.0157972499999999E-4)
(7634,1.0157972499999999E-4)
(7635,1.0157972499999999E-4)
(7636,1.0157972499999999E-4)
(7637,1.0157972499999999E-4)
(7638,1.0157972499999999E-4)
(7639,1.0157972499999999E-4)
(7640,1.0157972499999999E-4)
(7641,1.0157972499999999E-4)
(7642,1.0157972499999999E-4)
(7643,1.0157972499999999E-4)
(7644,1.0157972499999999E-4)
(7645,1.0157972499999999E-4)
(7646,1.0157972499999999E-4)
(7647,1.0157972499999999E-4)
(7648,1.0157972499999999E-4)
(7649,1.0157972499999999E-4)
(7650,1.0157972499999999E-4)
(7651,1.0157972499999999E-4)
(7652,1.0157972499999999E-4)
(7653,1.0157972499999999E-4)
(7654,1.0157972499999999E-4)
(7655,1.0157972499999999E-4)
(7656,1.0157972499999999E-4)
(7657,1.0157972499999999E-4)
(7658,1.0157972499999999E-4)
(7659,1.0157972499999999E-4)
(7660,1.0157972499999999E-4)
(7661,1.0157972499999999E-4)
(7662,1.0157972499999999E-4)
(7663,1.0157972499999999E-4)
(7664,1.0157972499999999E-4)
(7665,1.0157972499999999E-4)
(7666,1.0157972499999999E-4)
(7667,1.0157972499999999E-4)
(7668,1.0157972499999999E-4)
(7669,1.0157972499999999E-4)
(7670,1.0157972499999999E-4)
(7671,1.0157972499999999E-4)
(7672,1.0157972499999999E-4)
(7673,1.0157972499999999E-4)
(7674,1.0157972499999999E-4)
(7675,1.0157972499999999E-4)
(7676,1.0157972499999999E-4)
(7677,1.0157972499999999E-4)
(7678,1.0157972499999999E-4)
(7679,1.0157972499999999E-4)
(7680,1.0157972499999999E-4)
(7681,1.0157972499999999E-4)
(7682,1.0157972499999999E-4)
(7683,1.0157972499999999E-4)
(7684,1.0157972499999999E-4)
(7685,1.0157972499999999E-4)
(7686,1.0157972499999999E-4)
(7687,1.0157972499999999E-4)
(7688,1.0157972499999999E-4)
(7689,1.0157972499999999E-4)
(7690,1.0157972499999999E-4)
(7691,1.0157972499999999E-4)
(7692,1.0157972499999999E-4)
(7693,1.0157972499999999E-4)
(7694,1.0157972499999999E-4)
(7695,1.0157972499999999E-4)
(7696,1.0157972499999999E-4)
(7697,1.0157972499999999E-4)
(7698,1.0157972499999999E-4)
(7699,1.0157972499999999E-4)
(7700,1.0157972499999999E-4)
(7701,1.5857225E-5)
(7702,2.9329725E-5)
(7703,1.0157972499999999E-4)
(7704,1.0157972499999999E-4)
(7705,1.0157972499999999E-4)
(7706,1.0157972499999999E-4)
(7707,1.0157972499999999E-4)
(7708,1.0157972499999999E-4)
(7709,1.0157972499999999E-4)
(7710,1.0157972499999999E-4)
(7711,1.0157972499999999E-4)
(7712,1.0157972499999999E-4)
(7713,1.0157972499999999E-4)
(7714,1.0157972499999999E-4)
(7715,1.0157972499999999E-4)
(7716,1.0157972499999999E-4)
(7717,1.0157972499999999E-4)
(7718,1.0157972499999999E-4)
(7719,1.0157972499999999E-4)
(7720,1.0157972499999999E-4)
(7721,1.0157972499999999E-4)
(7722,1.0157972499999999E-4)
(7723,1.0157972499999999E-4)
(7724,1.0157972499999999E-4)
(7725,1.0157972499999999E-4)
(7726,1.0157972499999999E-4)
(7727,1.0157972499999999E-4)
(7728,1.0157972499999999E-4)
(7729,1.0157972499999999E-4)
(7730,1.0157972499999999E-4)
(7731,1.0157972499999999E-4)
(7732,1.0157972499999999E-4)
(7733,1.0157972499999999E-4)
(7734,1.0157972499999999E-4)
(7735,1.0157972499999999E-4)
(7736,1.0157972499999999E-4)
(7737,1.0157972499999999E-4)
(7738,1.0157972499999999E-4)
(7739,1.0157972499999999E-4)
(7740,1.0157972499999999E-4)
(7741,1.0157972499999999E-4)
(7742,1.0157972499999999E-4)
(7743,1.0157972499999999E-4)
(7744,1.0157972499999999E-4)
(7745,1.0157972499999999E-4)
(7746,1.0157972499999999E-4)
(7747,1.0157972499999999E-4)
(7748,1.0157972499999999E-4)
(7749,1.0157972499999999E-4)
(7750,1.0157972499999999E-4)
(7751,1.0157972499999999E-4)
(7752,1.0157972499999999E-4)
(7753,1.0157972499999999E-4)
(7754,1.0157972499999999E-4)
(7755,1.0157972499999999E-4)
(7756,1.0157972499999999E-4)
(7757,1.0157972499999999E-4)
(7758,1.0157972499999999E-4)
(7759,1.0157972499999999E-4)
(7760,1.0157972499999999E-4)
(7761,1.0157972499999999E-4)
(7762,1.0157972499999999E-4)
(7763,1.0157972499999999E-4)
(7764,1.0157972499999999E-4)
(7765,1.0157972499999999E-4)
(7766,1.0157972499999999E-4)
(7767,1.0157972499999999E-4)
(7768,1.0157972499999999E-4)
(7769,1.0157972499999999E-4)
(7770,1.0157972499999999E-4)
(7771,1.0157972499999999E-4)
(7772,1.0157972499999999E-4)
(7773,1.0157972499999999E-4)
(7774,1.0157972499999999E-4)
(7775,1.0157972499999999E-4)
(7776,1.0157972499999999E-4)
(7777,1.0157972499999999E-4)
(7778,1.0157972499999999E-4)
(7779,1.0157972499999999E-4)
(7780,1.0157972499999999E-4)
(7781,1.0157972499999999E-4)
(7782,1.0157972499999999E-4)
(7783,1.0157972499999999E-4)
(7784,1.0157972499999999E-4)
(7785,1.0157972499999999E-4)
(7786,1.0157972499999999E-4)
(7787,1.0157972499999999E-4)
(7788,1.0157972499999999E-4)
(7789,1.0157972499999999E-4)
(7790,1.0157972499999999E-4)
(7791,1.0157972499999999E-4)
(7792,1.0157972499999999E-4)
(7793,1.0157972499999999E-4)
(7794,1.0157972499999999E-4)
(7795,1.0157972499999999E-4)
(7796,1.0157972499999999E-4)
(7797,1.0157972499999999E-4)
(7798,1.0157972499999999E-4)
(7799,1.0157972499999999E-4)
(7800,1.0157972499999999E-4)
(7801,1.5857225E-5)
(7802,2.9329725E-5)
(7803,1.0157972499999999E-4)
(7804,1.0157972499999999E-4)
(7805,1.0157972499999999E-4)
(7806,1.0157972499999999E-4)
(7807,1.0157972499999999E-4)
(7808,1.0157972499999999E-4)
(7809,1.0157972499999999E-4)
(7810,1.0157972499999999E-4)
(7811,1.0157972499999999E-4)
(7812,1.0157972499999999E-4)
(7813,1.0157972499999999E-4)
(7814,1.0157972499999999E-4)
(7815,1.0157972499999999E-4)
(7816,1.0157972499999999E-4)
(7817,1.0157972499999999E-4)
(7818,1.0157972499999999E-4)
(7819,1.0157972499999999E-4)
(7820,1.0157972499999999E-4)
(7821,1.0157972499999999E-4)
(7822,1.0157972499999999E-4)
(7823,1.0157972499999999E-4)
(7824,1.0157972499999999E-4)
(7825,1.0157972499999999E-4)
(7826,1.0157972499999999E-4)
(7827,1.0157972499999999E-4)
(7828,1.0157972499999999E-4)
(7829,1.0157972499999999E-4)
(7830,1.0157972499999999E-4)
(7831,1.0157972499999999E-4)
(7832,1.0157972499999999E-4)
(7833,1.0157972499999999E-4)
(7834,1.0157972499999999E-4)
(7835,1.0157972499999999E-4)
(7836,1.0157972499999999E-4)
(7837,1.0157972499999999E-4)
(7838,1.0157972499999999E-4)
(7839,1.0157972499999999E-4)
(7840,1.0157972499999999E-4)
(7841,1.0157972499999999E-4)
(7842,1.0157972499999999E-4)
(7843,1.0157972499999999E-4)
(7844,1.0157972499999999E-4)
(7845,1.0157972499999999E-4)
(7846,1.0157972499999999E-4)
(7847,1.0157972499999999E-4)
(7848,1.0157972499999999E-4)
(7849,1.0157972499999999E-4)
(7850,1.0157972499999999E-4)
(7851,1.0157972499999999E-4)
(7852,1.0157972499999999E-4)
(7853,1.0157972499999999E-4)
(7854,1.0157972499999999E-4)
(7855,1.0157972499999999E-4)
(7856,1.0157972499999999E-4)
(7857,1.0157972499999999E-4)
(7858,1.0157972499999999E-4)
(7859,1.0157972499999999E-4)
(7860,1.0157972499999999E-4)
(7861,1.0157972499999999E-4)
(7862,1.0157972499999999E-4)
(7863,1.0157972499999999E-4)
(7864,1.0157972499999999E-4)
(7865,1.0157972499999999E-4)
(7866,1.0157972499999999E-4)
(7867,1.0157972499999999E-4)
(7868,1.0157972499999999E-4)
(7869,1.0157972499999999E-4)
(7870,1.0157972499999999E-4)
(7871,1.0157972499999999E-4)
(7872,1.0157972499999999E-4)
(7873,1.0157972499999999E-4)
(7874,1.0157972499999999E-4)
(7875,1.0157972499999999E-4)
(7876,1.0157972499999999E-4)
(7877,1.0157972499999999E-4)
(7878,1.0157972499999999E-4)
(7879,1.0157972499999999E-4)
(7880,1.0157972499999999E-4)
(7881,1.0157972499999999E-4)
(7882,1.0157972499999999E-4)
(7883,1.0157972499999999E-4)
(7884,1.0157972499999999E-4)
(7885,1.0157972499999999E-4)
(7886,1.0157972499999999E-4)
(7887,1.0157972499999999E-4)
(7888,1.0157972499999999E-4)
(7889,1.0157972499999999E-4)
(7890,1.0157972499999999E-4)
(7891,1.0157972499999999E-4)
(7892,1.0157972499999999E-4)
(7893,1.0157972499999999E-4)
(7894,1.0157972499999999E-4)
(7895,1.0157972499999999E-4)
(7896,1.0157972499999999E-4)
(7897,1.0157972499999999E-4)
(7898,1.0157972499999999E-4)
(7899,1.0157972499999999E-4)
(7900,1.0157972499999999E-4)
(7901,1.5857225E-5)
(7902,2.9329725E-5)
(7903,1.0157972499999999E-4)
(7904,1.0157972499999999E-4)
(7905,1.0157972499999999E-4)
(7906,1.0157972499999999E-4)
(7907,1.0157972499999999E-4)
(7908,1.0157972499999999E-4)
(7909,1.0157972499999999E-4)
(7910,1.0157972499999999E-4)
(7911,1.0157972499999999E-4)
(7912,1.0157972499999999E-4)
(7913,1.0157972499999999E-4)
(7914,1.0157972499999999E-4)
(7915,1.0157972499999999E-4)
(7916,1.0157972499999999E-4)
(7917,1.0157972499999999E-4)
(7918,1.0157972499999999E-4)
(7919,1.0157972499999999E-4)
(7920,1.0157972499999999E-4)
(7921,1.0157972499999999E-4)
(7922,1.0157972499999999E-4)
(7923,1.0157972499999999E-4)
(7924,1.0157972499999999E-4)
(7925,1.0157972499999999E-4)
(7926,1.0157972499999999E-4)
(7927,1.0157972499999999E-4)
(7928,1.0157972499999999E-4)
(7929,1.0157972499999999E-4)
(7930,1.0157972499999999E-4)
(7931,1.0157972499999999E-4)
(7932,1.0157972499999999E-4)
(7933,1.0157972499999999E-4)
(7934,1.0157972499999999E-4)
(7935,1.0157972499999999E-4)
(7936,1.0157972499999999E-4)
(7937,1.0157972499999999E-4)
(7938,1.0157972499999999E-4)
(7939,1.0157972499999999E-4)
(7940,1.0157972499999999E-4)
(7941,1.0157972499999999E-4)
(7942,1.0157972499999999E-4)
(7943,1.0157972499999999E-4)
(7944,1.0157972499999999E-4)
(7945,1.0157972499999999E-4)
(7946,1.0157972499999999E-4)
(7947,1.0157972499999999E-4)
(7948,1.0157972499999999E-4)
(7949,1.0157972499999999E-4)
(7950,1.0157972499999999E-4)
(7951,1.0157972499999999E-4)
(7952,1.0157972499999999E-4)
(7953,1.0157972499999999E-4)
(7954,1.0157972499999999E-4)
(7955,1.0157972499999999E-4)
(7956,1.0157972499999999E-4)
(7957,1.0157972499999999E-4)
(7958,1.0157972499999999E-4)
(7959,1.0157972499999999E-4)
(7960,1.0157972499999999E-4)
(7961,1.0157972499999999E-4)
(7962,1.0157972499999999E-4)
(7963,1.0157972499999999E-4)
(7964,1.0157972499999999E-4)
(7965,1.0157972499999999E-4)
(7966,1.0157972499999999E-4)
(7967,1.0157972499999999E-4)
(7968,1.0157972499999999E-4)
(7969,1.0157972499999999E-4)
(7970,1.0157972499999999E-4)
(7971,1.0157972499999999E-4)
(7972,1.0157972499999999E-4)
(7973,1.0157972499999999E-4)
(7974,1.0157972499999999E-4)
(7975,1.0157972499999999E-4)
(7976,1.0157972499999999E-4)
(7977,1.0157972499999999E-4)
(7978,1.0157972499999999E-4)
(7979,1.0157972499999999E-4)
(7980,1.0157972499999999E-4)
(7981,1.0157972499999999E-4)
(7982,1.0157972499999999E-4)
(7983,1.0157972499999999E-4)
(7984,1.0157972499999999E-4)
(7985,1.0157972499999999E-4)
(7986,1.0157972499999999E-4)
(7987,1.0157972499999999E-4)
(7988,1.0157972499999999E-4)
(7989,1.0157972499999999E-4)
(7990,1.0157972499999999E-4)
(7991,1.0157972499999999E-4)
(7992,1.0157972499999999E-4)
(7993,1.0157972499999999E-4)
(7994,1.0157972499999999E-4)
(7995,1.0157972499999999E-4)
(7996,1.0157972499999999E-4)
(7997,1.0157972499999999E-4)
(7998,1.0157972499999999E-4)
(7999,1.0157972499999999E-4)
(8000,1.0157972499999999E-4)
(8001,1.5857225E-5)
(8002,2.9329725E-5)
(8003,1.0157972499999999E-4)
(8004,1.0157972499999999E-4)
(8005,1.0157972499999999E-4)
(8006,1.0157972499999999E-4)
(8007,1.0157972499999999E-4)
(8008,1.0157972499999999E-4)
(8009,1.0157972499999999E-4)
(8010,1.0157972499999999E-4)
(8011,1.0157972499999999E-4)
(8012,1.0157972499999999E-4)
(8013,1.0157972499999999E-4)
(8014,1.0157972499999999E-4)
(8015,1.0157972499999999E-4)
(8016,1.0157972499999999E-4)
(8017,1.0157972499999999E-4)
(8018,1.0157972499999999E-4)
(8019,1.0157972499999999E-4)
(8020,1.0157972499999999E-4)
(8021,1.0157972499999999E-4)
(8022,1.0157972499999999E-4)
(8023,1.0157972499999999E-4)
(8024,1.0157972499999999E-4)
(8025,1.0157972499999999E-4)
(8026,1.0157972499999999E-4)
(8027,1.0157972499999999E-4)
(8028,1.0157972499999999E-4)
(8029,1.0157972499999999E-4)
(8030,1.0157972499999999E-4)
(8031,1.0157972499999999E-4)
(8032,1.0157972499999999E-4)
(8033,1.0157972499999999E-4)
(8034,1.0157972499999999E-4)
(8035,1.0157972499999999E-4)
(8036,1.0157972499999999E-4)
(8037,1.0157972499999999E-4)
(8038,1.0157972499999999E-4)
(8039,1.0157972499999999E-4)
(8040,1.0157972499999999E-4)
(8041,1.0157972499999999E-4)
(8042,1.0157972499999999E-4)
(8043,1.0157972499999999E-4)
(8044,1.0157972499999999E-4)
(8045,1.0157972499999999E-4)
(8046,1.0157972499999999E-4)
(8047,1.0157972499999999E-4)
(8048,1.0157972499999999E-4)
(8049,1.0157972499999999E-4)
(8050,1.0157972499999999E-4)
(8051,1.0157972499999999E-4)
(8052,1.0157972499999999E-4)
(8053,1.0157972499999999E-4)
(8054,1.0157972499999999E-4)
(8055,1.0157972499999999E-4)
(8056,1.0157972499999999E-4)
(8057,1.0157972499999999E-4)
(8058,1.0157972499999999E-4)
(8059,1.0157972499999999E-4)
(8060,1.0157972499999999E-4)
(8061,1.0157972499999999E-4)
(8062,1.0157972499999999E-4)
(8063,1.0157972499999999E-4)
(8064,1.0157972499999999E-4)
(8065,1.0157972499999999E-4)
(8066,1.0157972499999999E-4)
(8067,1.0157972499999999E-4)
(8068,1.0157972499999999E-4)
(8069,1.0157972499999999E-4)
(8070,1.0157972499999999E-4)
(8071,1.0157972499999999E-4)
(8072,1.0157972499999999E-4)
(8073,1.0157972499999999E-4)
(8074,1.0157972499999999E-4)
(8075,1.0157972499999999E-4)
(8076,1.0157972499999999E-4)
(8077,1.0157972499999999E-4)
(8078,1.0157972499999999E-4)
(8079,1.0157972499999999E-4)
(8080,1.0157972499999999E-4)
(8081,1.0157972499999999E-4)
(8082,1.0157972499999999E-4)
(8083,1.0157972499999999E-4)
(8084,1.0157972499999999E-4)
(8085,1.0157972499999999E-4)
(8086,1.0157972499999999E-4)
(8087,1.0157972499999999E-4)
(8088,1.0157972499999999E-4)
(8089,1.0157972499999999E-4)
(8090,1.0157972499999999E-4)
(8091,1.0157972499999999E-4)
(8092,1.0157972499999999E-4)
(8093,1.0157972499999999E-4)
(8094,1.0157972499999999E-4)
(8095,1.0157972499999999E-4)
(8096,1.0157972499999999E-4)
(8097,1.0157972499999999E-4)
(8098,1.0157972499999999E-4)
(8099,1.0157972499999999E-4)
(8100,1.0157972499999999E-4)
(8101,1.5857225E-5)
(8102,2.9329725E-5)
(8103,1.0157972499999999E-4)
(8104,1.0157972499999999E-4)
(8105,1.0157972499999999E-4)
(8106,1.0157972499999999E-4)
(8107,1.0157972499999999E-4)
(8108,1.0157972499999999E-4)
(8109,1.0157972499999999E-4)
(8110,1.0157972499999999E-4)
(8111,1.0157972499999999E-4)
(8112,1.0157972499999999E-4)
(8113,1.0157972499999999E-4)
(8114,1.0157972499999999E-4)
(8115,1.0157972499999999E-4)
(8116,1.0157972499999999E-4)
(8117,1.0157972499999999E-4)
(8118,1.0157972499999999E-4)
(8119,1.0157972499999999E-4)
(8120,1.0157972499999999E-4)
(8121,1.0157972499999999E-4)
(8122,1.0157972499999999E-4)
(8123,1.0157972499999999E-4)
(8124,1.0157972499999999E-4)
(8125,1.0157972499999999E-4)
(8126,1.0157972499999999E-4)
(8127,1.0157972499999999E-4)
(8128,1.0157972499999999E-4)
(8129,1.0157972499999999E-4)
(8130,1.0157972499999999E-4)
(8131,1.0157972499999999E-4)
(8132,1.0157972499999999E-4)
(8133,1.0157972499999999E-4)
(8134,1.0157972499999999E-4)
(8135,1.0157972499999999E-4)
(8136,1.0157972499999999E-4)
(8137,1.0157972499999999E-4)
(8138,1.0157972499999999E-4)
(8139,1.0157972499999999E-4)
(8140,1.0157972499999999E-4)
(8141,1.0157972499999999E-4)
(8142,1.0157972499999999E-4)
(8143,1.0157972499999999E-4)
(8144,1.0157972499999999E-4)
(8145,1.0157972499999999E-4)
(8146,1.0157972499999999E-4)
(8147,1.0157972499999999E-4)
(8148,1.0157972499999999E-4)
(8149,1.0157972499999999E-4)
(8150,1.0157972499999999E-4)
(8151,1.0157972499999999E-4)
(8152,1.0157972499999999E-4)
(8153,1.0157972499999999E-4)
(8154,1.0157972499999999E-4)
(8155,1.0157972499999999E-4)
(8156,1.0157972499999999E-4)
(8157,1.0157972499999999E-4)
(8158,1.0157972499999999E-4)
(8159,1.0157972499999999E-4)
(8160,1.0157972499999999E-4)
(8161,1.0157972499999999E-4)
(8162,1.0157972499999999E-4)
(8163,1.0157972499999999E-4)
(8164,1.0157972499999999E-4)
(8165,1.0157972499999999E-4)
(8166,1.0157972499999999E-4)
(8167,1.0157972499999999E-4)
(8168,1.0157972499999999E-4)
(8169,1.0157972499999999E-4)
(8170,1.0157972499999999E-4)
(8171,1.0157972499999999E-4)
(8172,1.0157972499999999E-4)
(8173,1.0157972499999999E-4)
(8174,1.0157972499999999E-4)
(8175,1.0157972499999999E-4)
(8176,1.0157972499999999E-4)
(8177,1.0157972499999999E-4)
(8178,1.0157972499999999E-4)
(8179,1.0157972499999999E-4)
(8180,1.0157972499999999E-4)
(8181,1.0157972499999999E-4)
(8182,1.0157972499999999E-4)
(8183,1.0157972499999999E-4)
(8184,1.0157972499999999E-4)
(8185,1.0157972499999999E-4)
(8186,1.0157972499999999E-4)
(8187,1.0157972499999999E-4)
(8188,1.0157972499999999E-4)
(8189,1.0157972499999999E-4)
(8190,1.0157972499999999E-4)
(8191,1.0157972499999999E-4)
(8192,1.0157972499999999E-4)
(8193,1.0157972499999999E-4)
(8194,1.0157972499999999E-4)
(8195,1.0157972499999999E-4)
(8196,1.0157972499999999E-4)
(8197,1.0157972499999999E-4)
(8198,1.0157972499999999E-4)
(8199,1.0157972499999999E-4)
(8200,1.0157972499999999E-4)
(8201,1.5857225E-5)
(8202,2.9329725E-5)
(8203,1.0157972499999999E-4)
(8204,1.0157972499999999E-4)
(8205,1.0157972499999999E-4)
(8206,1.0157972499999999E-4)
(8207,1.0157972499999999E-4)
(8208,1.0157972499999999E-4)
(8209,1.0157972499999999E-4)
(8210,1.0157972499999999E-4)
(8211,1.0157972499999999E-4)
(8212,1.0157972499999999E-4)
(8213,1.0157972499999999E-4)
(8214,1.0157972499999999E-4)
(8215,1.0157972499999999E-4)
(8216,1.0157972499999999E-4)
(8217,1.0157972499999999E-4)
(8218,1.0157972499999999E-4)
(8219,1.0157972499999999E-4)
(8220,1.0157972499999999E-4)
(8221,1.0157972499999999E-4)
(8222,1.0157972499999999E-4)
(8223,1.0157972499999999E-4)
(8224,1.0157972499999999E-4)
(8225,1.0157972499999999E-4)
(8226,1.0157972499999999E-4)
(8227,1.0157972499999999E-4)
(8228,1.0157972499999999E-4)
(8229,1.0157972499999999E-4)
(8230,1.0157972499999999E-4)
(8231,1.0157972499999999E-4)
(8232,1.0157972499999999E-4)
(8233,1.0157972499999999E-4)
(8234,1.0157972499999999E-4)
(8235,1.0157972499999999E-4)
(8236,1.0157972499999999E-4)
(8237,1.0157972499999999E-4)
(8238,1.0157972499999999E-4)
(8239,1.0157972499999999E-4)
(8240,1.0157972499999999E-4)
(8241,1.0157972499999999E-4)
(8242,1.0157972499999999E-4)
(8243,1.0157972499999999E-4)
(8244,1.0157972499999999E-4)
(8245,1.0157972499999999E-4)
(8246,1.0157972499999999E-4)
(8247,1.0157972499999999E-4)
(8248,1.0157972499999999E-4)
(8249,1.0157972499999999E-4)
(8250,1.0157972499999999E-4)
(8251,1.0157972499999999E-4)
(8252,1.0157972499999999E-4)
(8253,1.0157972499999999E-4)
(8254,1.0157972499999999E-4)
(8255,1.0157972499999999E-4)
(8256,1.0157972499999999E-4)
(8257,1.0157972499999999E-4)
(8258,1.0157972499999999E-4)
(8259,1.0157972499999999E-4)
(8260,1.0157972499999999E-4)
(8261,1.0157972499999999E-4)
(8262,1.0157972499999999E-4)
(8263,1.0157972499999999E-4)
(8264,1.0157972499999999E-4)
(8265,1.0157972499999999E-4)
(8266,1.0157972499999999E-4)
(8267,1.0157972499999999E-4)
(8268,1.0157972499999999E-4)
(8269,1.0157972499999999E-4)
(8270,1.0157972499999999E-4)
(8271,1.0157972499999999E-4)
(8272,1.0157972499999999E-4)
(8273,1.0157972499999999E-4)
(8274,1.0157972499999999E-4)
(8275,1.0157972499999999E-4)
(8276,1.0157972499999999E-4)
(8277,1.0157972499999999E-4)
(8278,1.0157972499999999E-4)
(8279,1.0157972499999999E-4)
(8280,1.0157972499999999E-4)
(8281,1.0157972499999999E-4)
(8282,1.0157972499999999E-4)
(8283,1.0157972499999999E-4)
(8284,1.0157972499999999E-4)
(8285,1.0157972499999999E-4)
(8286,1.0157972499999999E-4)
(8287,1.0157972499999999E-4)
(8288,1.0157972499999999E-4)
(8289,1.0157972499999999E-4)
(8290,1.0157972499999999E-4)
(8291,1.0157972499999999E-4)
(8292,1.0157972499999999E-4)
(8293,1.0157972499999999E-4)
(8294,1.0157972499999999E-4)
(8295,1.0157972499999999E-4)
(8296,1.0157972499999999E-4)
(8297,1.0157972499999999E-4)
(8298,1.0157972499999999E-4)
(8299,1.0157972499999999E-4)
(8300,1.0157972499999999E-4)
(8301,1.5857225E-5)
(8302,2.9329725E-5)
(8303,1.0157972499999999E-4)
(8304,1.0157972499999999E-4)
(8305,1.0157972499999999E-4)
(8306,1.0157972499999999E-4)
(8307,1.0157972499999999E-4)
(8308,1.0157972499999999E-4)
(8309,1.0157972499999999E-4)
(8310,1.0157972499999999E-4)
(8311,1.0157972499999999E-4)
(8312,1.0157972499999999E-4)
(8313,1.0157972499999999E-4)
(8314,1.0157972499999999E-4)
(8315,1.0157972499999999E-4)
(8316,1.0157972499999999E-4)
(8317,1.0157972499999999E-4)
(8318,1.0157972499999999E-4)
(8319,1.0157972499999999E-4)
(8320,1.0157972499999999E-4)
(8321,1.0157972499999999E-4)
(8322,1.0157972499999999E-4)
(8323,1.0157972499999999E-4)
(8324,1.0157972499999999E-4)
(8325,1.0157972499999999E-4)
(8326,1.0157972499999999E-4)
(8327,1.0157972499999999E-4)
(8328,1.0157972499999999E-4)
(8329,1.0157972499999999E-4)
(8330,1.0157972499999999E-4)
(8331,1.0157972499999999E-4)
(8332,1.0157972499999999E-4)
(8333,1.0157972499999999E-4)
(8334,1.0157972499999999E-4)
(8335,1.0157972499999999E-4)
(8336,1.0157972499999999E-4)
(8337,1.0157972499999999E-4)
(8338,1.0157972499999999E-4)
(8339,1.0157972499999999E-4)
(8340,1.0157972499999999E-4)
(8341,1.0157972499999999E-4)
(8342,1.0157972499999999E-4)
(8343,1.0157972499999999E-4)
(8344,1.0157972499999999E-4)
(8345,1.0157972499999999E-4)
(8346,1.0157972499999999E-4)
(8347,1.0157972499999999E-4)
(8348,1.0157972499999999E-4)
(8349,1.0157972499999999E-4)
(8350,1.0157972499999999E-4)
(8351,1.0157972499999999E-4)
(8352,1.0157972499999999E-4)
(8353,1.0157972499999999E-4)
(8354,1.0157972499999999E-4)
(8355,1.0157972499999999E-4)
(8356,1.0157972499999999E-4)
(8357,1.0157972499999999E-4)
(8358,1.0157972499999999E-4)
(8359,1.0157972499999999E-4)
(8360,1.0157972499999999E-4)
(8361,1.0157972499999999E-4)
(8362,1.0157972499999999E-4)
(8363,1.0157972499999999E-4)
(8364,1.0157972499999999E-4)
(8365,1.0157972499999999E-4)
(8366,1.0157972499999999E-4)
(8367,1.0157972499999999E-4)
(8368,1.0157972499999999E-4)
(8369,1.0157972499999999E-4)
(8370,1.0157972499999999E-4)
(8371,1.0157972499999999E-4)
(8372,1.0157972499999999E-4)
(8373,1.0157972499999999E-4)
(8374,1.0157972499999999E-4)
(8375,1.0157972499999999E-4)
(8376,1.0157972499999999E-4)
(8377,1.0157972499999999E-4)
(8378,1.0157972499999999E-4)
(8379,1.0157972499999999E-4)
(8380,1.0157972499999999E-4)
(8381,1.0157972499999999E-4)
(8382,1.0157972499999999E-4)
(8383,1.0157972499999999E-4)
(8384,1.0157972499999999E-4)
(8385,1.0157972499999999E-4)
(8386,1.0157972499999999E-4)
(8387,1.0157972499999999E-4)
(8388,1.0157972499999999E-4)
(8389,1.0157972499999999E-4)
(8390,1.0157972499999999E-4)
(8391,1.0157972499999999E-4)
(8392,1.0157972499999999E-4)
(8393,1.0157972499999999E-4)
(8394,1.0157972499999999E-4)
(8395,1.0157972499999999E-4)
(8396,1.0157972499999999E-4)
(8397,1.0157972499999999E-4)
(8398,1.0157972499999999E-4)
(8399,1.0157972499999999E-4)
(8400,1.0157972499999999E-4)
(8401,1.5857225E-5)
(8402,2.9329725E-5)
(8403,1.0157972499999999E-4)
(8404,1.0157972499999999E-4)
(8405,1.0157972499999999E-4)
(8406,1.0157972499999999E-4)
(8407,1.0157972499999999E-4)
(8408,1.0157972499999999E-4)
(8409,1.0157972499999999E-4)
(8410,1.0157972499999999E-4)
(8411,1.0157972499999999E-4)
(8412,1.0157972499999999E-4)
(8413,1.0157972499999999E-4)
(8414,1.0157972499999999E-4)
(8415,1.0157972499999999E-4)
(8416,1.0157972499999999E-4)
(8417,1.0157972499999999E-4)
(8418,1.0157972499999999E-4)
(8419,1.0157972499999999E-4)
(8420,1.0157972499999999E-4)
(8421,1.0157972499999999E-4)
(8422,1.0157972499999999E-4)
(8423,1.0157972499999999E-4)
(8424,1.0157972499999999E-4)
(8425,1.0157972499999999E-4)
(8426,1.0157972499999999E-4)
(8427,1.0157972499999999E-4)
(8428,1.0157972499999999E-4)
(8429,1.0157972499999999E-4)
(8430,1.0157972499999999E-4)
(8431,1.0157972499999999E-4)
(8432,1.0157972499999999E-4)
(8433,1.0157972499999999E-4)
(8434,1.0157972499999999E-4)
(8435,1.0157972499999999E-4)
(8436,1.0157972499999999E-4)
(8437,1.0157972499999999E-4)
(8438,1.0157972499999999E-4)
(8439,1.0157972499999999E-4)
(8440,1.0157972499999999E-4)
(8441,1.0157972499999999E-4)
(8442,1.0157972499999999E-4)
(8443,1.0157972499999999E-4)
(8444,1.0157972499999999E-4)
(8445,1.0157972499999999E-4)
(8446,1.0157972499999999E-4)
(8447,1.0157972499999999E-4)
(8448,1.0157972499999999E-4)
(8449,1.0157972499999999E-4)
(8450,1.0157972499999999E-4)
(8451,1.0157972499999999E-4)
(8452,1.0157972499999999E-4)
(8453,1.0157972499999999E-4)
(8454,1.0157972499999999E-4)
(8455,1.0157972499999999E-4)
(8456,1.0157972499999999E-4)
(8457,1.0157972499999999E-4)
(8458,1.0157972499999999E-4)
(8459,1.0157972499999999E-4)
(8460,1.0157972499999999E-4)
(8461,1.0157972499999999E-4)
(8462,1.0157972499999999E-4)
(8463,1.0157972499999999E-4)
(8464,1.0157972499999999E-4)
(8465,1.0157972499999999E-4)
(8466,1.0157972499999999E-4)
(8467,1.0157972499999999E-4)
(8468,1.0157972499999999E-4)
(8469,1.0157972499999999E-4)
(8470,1.0157972499999999E-4)
(8471,1.0157972499999999E-4)
(8472,1.0157972499999999E-4)
(8473,1.0157972499999999E-4)
(8474,1.0157972499999999E-4)
(8475,1.0157972499999999E-4)
(8476,1.0157972499999999E-4)
(8477,1.0157972499999999E-4)
(8478,1.0157972499999999E-4)
(8479,1.0157972499999999E-4)
(8480,1.0157972499999999E-4)
(8481,1.0157972499999999E-4)
(8482,1.0157972499999999E-4)
(8483,1.0157972499999999E-4)
(8484,1.0157972499999999E-4)
(8485,1.0157972499999999E-4)
(8486,1.0157972499999999E-4)
(8487,1.0157972499999999E-4)
(8488,1.0157972499999999E-4)
(8489,1.0157972499999999E-4)
(8490,1.0157972499999999E-4)
(8491,1.0157972499999999E-4)
(8492,1.0157972499999999E-4)
(8493,1.0157972499999999E-4)
(8494,1.0157972499999999E-4)
(8495,1.0157972499999999E-4)
(8496,1.0157972499999999E-4)
(8497,1.0157972499999999E-4)
(8498,1.0157972499999999E-4)
(8499,1.0157972499999999E-4)
(8500,1.0157972499999999E-4)
(8501,1.5857225E-5)
(8502,2.9329725E-5)
(8503,1.0157972499999999E-4)
(8504,1.0157972499999999E-4)
(8505,1.0157972499999999E-4)
(8506,1.0157972499999999E-4)
(8507,1.0157972499999999E-4)
(8508,1.0157972499999999E-4)
(8509,1.0157972499999999E-4)
(8510,1.0157972499999999E-4)
(8511,1.0157972499999999E-4)
(8512,1.0157972499999999E-4)
(8513,1.0157972499999999E-4)
(8514,1.0157972499999999E-4)
(8515,1.0157972499999999E-4)
(8516,1.0157972499999999E-4)
(8517,1.0157972499999999E-4)
(8518,1.0157972499999999E-4)
(8519,1.0157972499999999E-4)
(8520,1.0157972499999999E-4)
(8521,1.0157972499999999E-4)
(8522,1.0157972499999999E-4)
(8523,1.0157972499999999E-4)
(8524,1.0157972499999999E-4)
(8525,1.0157972499999999E-4)
(8526,1.0157972499999999E-4)
(8527,1.0157972499999999E-4)
(8528,1.0157972499999999E-4)
(8529,1.0157972499999999E-4)
(8530,1.0157972499999999E-4)
(8531,1.0157972499999999E-4)
(8532,1.0157972499999999E-4)
(8533,1.0157972499999999E-4)
(8534,1.0157972499999999E-4)
(8535,1.0157972499999999E-4)
(8536,1.0157972499999999E-4)
(8537,1.0157972499999999E-4)
(8538,1.0157972499999999E-4)
(8539,1.0157972499999999E-4)
(8540,1.0157972499999999E-4)
(8541,1.0157972499999999E-4)
(8542,1.0157972499999999E-4)
(8543,1.0157972499999999E-4)
(8544,1.0157972499999999E-4)
(8545,1.0157972499999999E-4)
(8546,1.0157972499999999E-4)
(8547,1.0157972499999999E-4)
(8548,1.0157972499999999E-4)
(8549,1.0157972499999999E-4)
(8550,1.0157972499999999E-4)
(8551,1.0157972499999999E-4)
(8552,1.0157972499999999E-4)
(8553,1.0157972499999999E-4)
(8554,1.0157972499999999E-4)
(8555,1.0157972499999999E-4)
(8556,1.0157972499999999E-4)
(8557,1.0157972499999999E-4)
(8558,1.0157972499999999E-4)
(8559,1.0157972499999999E-4)
(8560,1.0157972499999999E-4)
(8561,1.0157972499999999E-4)
(8562,1.0157972499999999E-4)
(8563,1.0157972499999999E-4)
(8564,1.0157972499999999E-4)
(8565,1.0157972499999999E-4)
(8566,1.0157972499999999E-4)
(8567,1.0157972499999999E-4)
(8568,1.0157972499999999E-4)
(8569,1.0157972499999999E-4)
(8570,1.0157972499999999E-4)
(8571,1.0157972499999999E-4)
(8572,1.0157972499999999E-4)
(8573,1.0157972499999999E-4)
(8574,1.0157972499999999E-4)
(8575,1.0157972499999999E-4)
(8576,1.0157972499999999E-4)
(8577,1.0157972499999999E-4)
(8578,1.0157972499999999E-4)
(8579,1.0157972499999999E-4)
(8580,1.0157972499999999E-4)
(8581,1.0157972499999999E-4)
(8582,1.0157972499999999E-4)
(8583,1.0157972499999999E-4)
(8584,1.0157972499999999E-4)
(8585,1.0157972499999999E-4)
(8586,1.0157972499999999E-4)
(8587,1.0157972499999999E-4)
(8588,1.0157972499999999E-4)
(8589,1.0157972499999999E-4)
(8590,1.0157972499999999E-4)
(8591,1.0157972499999999E-4)
(8592,1.0157972499999999E-4)
(8593,1.0157972499999999E-4)
(8594,1.0157972499999999E-4)
(8595,1.0157972499999999E-4)
(8596,1.0157972499999999E-4)
(8597,1.0157972499999999E-4)
(8598,1.0157972499999999E-4)
(8599,1.0157972499999999E-4)
(8600,1.0157972499999999E-4)
(8601,1.5857225E-5)
(8602,2.9329725E-5)
(8603,1.0157972499999999E-4)
(8604,1.0157972499999999E-4)
(8605,1.0157972499999999E-4)
(8606,1.0157972499999999E-4)
(8607,1.0157972499999999E-4)
(8608,1.0157972499999999E-4)
(8609,1.0157972499999999E-4)
(8610,1.0157972499999999E-4)
(8611,1.0157972499999999E-4)
(8612,1.0157972499999999E-4)
(8613,1.0157972499999999E-4)
(8614,1.0157972499999999E-4)
(8615,1.0157972499999999E-4)
(8616,1.0157972499999999E-4)
(8617,1.0157972499999999E-4)
(8618,1.0157972499999999E-4)
(8619,1.0157972499999999E-4)
(8620,1.0157972499999999E-4)
(8621,1.0157972499999999E-4)
(8622,1.0157972499999999E-4)
(8623,1.0157972499999999E-4)
(8624,1.0157972499999999E-4)
(8625,1.0157972499999999E-4)
(8626,1.0157972499999999E-4)
(8627,1.0157972499999999E-4)
(8628,1.0157972499999999E-4)
(8629,1.0157972499999999E-4)
(8630,1.0157972499999999E-4)
(8631,1.0157972499999999E-4)
(8632,1.0157972499999999E-4)
(8633,1.0157972499999999E-4)
(8634,1.0157972499999999E-4)
(8635,1.0157972499999999E-4)
(8636,1.0157972499999999E-4)
(8637,1.0157972499999999E-4)
(8638,1.0157972499999999E-4)
(8639,1.0157972499999999E-4)
(8640,1.0157972499999999E-4)
(8641,1.0157972499999999E-4)
(8642,1.0157972499999999E-4)
(8643,1.0157972499999999E-4)
(8644,1.0157972499999999E-4)
(8645,1.0157972499999999E-4)
(8646,1.0157972499999999E-4)
(8647,1.0157972499999999E-4)
(8648,1.0157972499999999E-4)
(8649,1.0157972499999999E-4)
(8650,1.0157972499999999E-4)
(8651,1.0157972499999999E-4)
(8652,1.0157972499999999E-4)
(8653,1.0157972499999999E-4)
(8654,1.0157972499999999E-4)
(8655,1.0157972499999999E-4)
(8656,1.0157972499999999E-4)
(8657,1.0157972499999999E-4)
(8658,1.0157972499999999E-4)
(8659,1.0157972499999999E-4)
(8660,1.0157972499999999E-4)
(8661,1.0157972499999999E-4)
(8662,1.0157972499999999E-4)
(8663,1.0157972499999999E-4)
(8664,1.0157972499999999E-4)
(8665,1.0157972499999999E-4)
(8666,1.0157972499999999E-4)
(8667,1.0157972499999999E-4)
(8668,1.0157972499999999E-4)
(8669,1.0157972499999999E-4)
(8670,1.0157972499999999E-4)
(8671,1.0157972499999999E-4)
(8672,1.0157972499999999E-4)
(8673,1.0157972499999999E-4)
(8674,1.0157972499999999E-4)
(8675,1.0157972499999999E-4)
(8676,1.0157972499999999E-4)
(8677,1.0157972499999999E-4)
(8678,1.0157972499999999E-4)
(8679,1.0157972499999999E-4)
(8680,1.0157972499999999E-4)
(8681,1.0157972499999999E-4)
(8682,1.0157972499999999E-4)
(8683,1.0157972499999999E-4)
(8684,1.0157972499999999E-4)
(8685,1.0157972499999999E-4)
(8686,1.0157972499999999E-4)
(8687,1.0157972499999999E-4)
(8688,1.0157972499999999E-4)
(8689,1.0157972499999999E-4)
(8690,1.0157972499999999E-4)
(8691,1.0157972499999999E-4)
(8692,1.0157972499999999E-4)
(8693,1.0157972499999999E-4)
(8694,1.0157972499999999E-4)
(8695,1.0157972499999999E-4)
(8696,1.0157972499999999E-4)
(8697,1.0157972499999999E-4)
(8698,1.0157972499999999E-4)
(8699,1.0157972499999999E-4)
(8700,1.0157972499999999E-4)
(8701,1.5857225E-5)
(8702,2.9329725E-5)
(8703,1.0157972499999999E-4)
(8704,1.0157972499999999E-4)
(8705,1.0157972499999999E-4)
(8706,1.0157972499999999E-4)
(8707,1.0157972499999999E-4)
(8708,1.0157972499999999E-4)
(8709,1.0157972499999999E-4)
(8710,1.0157972499999999E-4)
(8711,1.0157972499999999E-4)
(8712,1.0157972499999999E-4)
(8713,1.0157972499999999E-4)
(8714,1.0157972499999999E-4)
(8715,1.0157972499999999E-4)
(8716,1.0157972499999999E-4)
(8717,1.0157972499999999E-4)
(8718,1.0157972499999999E-4)
(8719,1.0157972499999999E-4)
(8720,1.0157972499999999E-4)
(8721,1.0157972499999999E-4)
(8722,1.0157972499999999E-4)
(8723,1.0157972499999999E-4)
(8724,1.0157972499999999E-4)
(8725,1.0157972499999999E-4)
(8726,1.0157972499999999E-4)
(8727,1.0157972499999999E-4)
(8728,1.0157972499999999E-4)
(8729,1.0157972499999999E-4)
(8730,1.0157972499999999E-4)
(8731,1.0157972499999999E-4)
(8732,1.0157972499999999E-4)
(8733,1.0157972499999999E-4)
(8734,1.0157972499999999E-4)
(8735,1.0157972499999999E-4)
(8736,1.0157972499999999E-4)
(8737,1.0157972499999999E-4)
(8738,1.0157972499999999E-4)
(8739,1.0157972499999999E-4)
(8740,1.0157972499999999E-4)
(8741,1.0157972499999999E-4)
(8742,1.0157972499999999E-4)
(8743,1.0157972499999999E-4)
(8744,1.0157972499999999E-4)
(8745,1.0157972499999999E-4)
(8746,1.0157972499999999E-4)
(8747,1.0157972499999999E-4)
(8748,1.0157972499999999E-4)
(8749,1.0157972499999999E-4)
(8750,1.0157972499999999E-4)
(8751,1.0157972499999999E-4)
(8752,1.0157972499999999E-4)
(8753,1.0157972499999999E-4)
(8754,1.0157972499999999E-4)
(8755,1.0157972499999999E-4)
(8756,1.0157972499999999E-4)
(8757,1.0157972499999999E-4)
(8758,1.0157972499999999E-4)
(8759,1.0157972499999999E-4)
(8760,1.0157972499999999E-4)
(8761,1.0157972499999999E-4)
(8762,1.0157972499999999E-4)
(8763,1.0157972499999999E-4)
(8764,1.0157972499999999E-4)
(8765,1.0157972499999999E-4)
(8766,1.0157972499999999E-4)
(8767,1.0157972499999999E-4)
(8768,1.0157972499999999E-4)
(8769,1.0157972499999999E-4)
(8770,1.0157972499999999E-4)
(8771,1.0157972499999999E-4)
(8772,1.0157972499999999E-4)
(8773,1.0157972499999999E-4)
(8774,1.0157972499999999E-4)
(8775,1.0157972499999999E-4)
(8776,1.0157972499999999E-4)
(8777,1.0157972499999999E-4)
(8778,1.0157972499999999E-4)
(8779,1.0157972499999999E-4)
(8780,1.0157972499999999E-4)
(8781,1.0157972499999999E-4)
(8782,1.0157972499999999E-4)
(8783,1.0157972499999999E-4)
(8784,1.0157972499999999E-4)
(8785,1.0157972499999999E-4)
(8786,1.0157972499999999E-4)
(8787,1.0157972499999999E-4)
(8788,1.0157972499999999E-4)
(8789,1.0157972499999999E-4)
(8790,1.0157972499999999E-4)
(8791,1.0157972499999999E-4)
(8792,1.0157972499999999E-4)
(8793,1.0157972499999999E-4)
(8794,1.0157972499999999E-4)
(8795,1.0157972499999999E-4)
(8796,1.0157972499999999E-4)
(8797,1.0157972499999999E-4)
(8798,1.0157972499999999E-4)
(8799,1.0157972499999999E-4)
(8800,1.0157972499999999E-4)
(8801,1.5857225E-5)
(8802,2.9329725E-5)
(8803,1.0157972499999999E-4)
(8804,1.0157972499999999E-4)
(8805,1.0157972499999999E-4)
(8806,1.0157972499999999E-4)
(8807,1.0157972499999999E-4)
(8808,1.0157972499999999E-4)
(8809,1.0157972499999999E-4)
(8810,1.0157972499999999E-4)
(8811,1.0157972499999999E-4)
(8812,1.0157972499999999E-4)
(8813,1.0157972499999999E-4)
(8814,1.0157972499999999E-4)
(8815,1.0157972499999999E-4)
(8816,1.0157972499999999E-4)
(8817,1.0157972499999999E-4)
(8818,1.0157972499999999E-4)
(8819,1.0157972499999999E-4)
(8820,1.0157972499999999E-4)
(8821,1.0157972499999999E-4)
(8822,1.0157972499999999E-4)
(8823,1.0157972499999999E-4)
(8824,1.0157972499999999E-4)
(8825,1.0157972499999999E-4)
(8826,1.0157972499999999E-4)
(8827,1.0157972499999999E-4)
(8828,1.0157972499999999E-4)
(8829,1.0157972499999999E-4)
(8830,1.0157972499999999E-4)
(8831,1.0157972499999999E-4)
(8832,1.0157972499999999E-4)
(8833,1.0157972499999999E-4)
(8834,1.0157972499999999E-4)
(8835,1.0157972499999999E-4)
(8836,1.0157972499999999E-4)
(8837,1.0157972499999999E-4)
(8838,1.0157972499999999E-4)
(8839,1.0157972499999999E-4)
(8840,1.0157972499999999E-4)
(8841,1.0157972499999999E-4)
(8842,1.0157972499999999E-4)
(8843,1.0157972499999999E-4)
(8844,1.0157972499999999E-4)
(8845,1.0157972499999999E-4)
(8846,1.0157972499999999E-4)
(8847,1.0157972499999999E-4)
(8848,1.0157972499999999E-4)
(8849,1.0157972499999999E-4)
(8850,1.0157972499999999E-4)
(8851,1.0157972499999999E-4)
(8852,1.0157972499999999E-4)
(8853,1.0157972499999999E-4)
(8854,1.0157972499999999E-4)
(8855,1.0157972499999999E-4)
(8856,1.0157972499999999E-4)
(8857,1.0157972499999999E-4)
(8858,1.0157972499999999E-4)
(8859,1.0157972499999999E-4)
(8860,1.0157972499999999E-4)
(8861,1.0157972499999999E-4)
(8862,1.0157972499999999E-4)
(8863,1.0157972499999999E-4)
(8864,1.0157972499999999E-4)
(8865,1.0157972499999999E-4)
(8866,1.0157972499999999E-4)
(8867,1.0157972499999999E-4)
(8868,1.0157972499999999E-4)
(8869,1.0157972499999999E-4)
(8870,1.0157972499999999E-4)
(8871,1.0157972499999999E-4)
(8872,1.0157972499999999E-4)
(8873,1.0157972499999999E-4)
(8874,1.0157972499999999E-4)
(8875,1.0157972499999999E-4)
(8876,1.0157972499999999E-4)
(8877,1.0157972499999999E-4)
(8878,1.0157972499999999E-4)
(8879,1.0157972499999999E-4)
(8880,1.0157972499999999E-4)
(8881,1.0157972499999999E-4)
(8882,1.0157972499999999E-4)
(8883,1.0157972499999999E-4)
(8884,1.0157972499999999E-4)
(8885,1.0157972499999999E-4)
(8886,1.0157972499999999E-4)
(8887,1.0157972499999999E-4)
(8888,1.0157972499999999E-4)
(8889,1.0157972499999999E-4)
(8890,1.0157972499999999E-4)
(8891,1.0157972499999999E-4)
(8892,1.0157972499999999E-4)
(8893,1.0157972499999999E-4)
(8894,1.0157972499999999E-4)
(8895,1.0157972499999999E-4)
(8896,1.0157972499999999E-4)
(8897,1.0157972499999999E-4)
(8898,1.0157972499999999E-4)
(8899,1.0157972499999999E-4)
(8900,1.0157972499999999E-4)
(8901,1.5857225E-5)
(8902,2.9329725E-5)
(8903,1.0157972499999999E-4)
(8904,1.0157972499999999E-4)
(8905,1.0157972499999999E-4)
(8906,1.0157972499999999E-4)
(8907,1.0157972499999999E-4)
(8908,1.0157972499999999E-4)
(8909,1.0157972499999999E-4)
(8910,1.0157972499999999E-4)
(8911,1.0157972499999999E-4)
(8912,1.0157972499999999E-4)
(8913,1.0157972499999999E-4)
(8914,1.0157972499999999E-4)
(8915,1.0157972499999999E-4)
(8916,1.0157972499999999E-4)
(8917,1.0157972499999999E-4)
(8918,1.0157972499999999E-4)
(8919,1.0157972499999999E-4)
(8920,1.0157972499999999E-4)
(8921,1.0157972499999999E-4)
(8922,1.0157972499999999E-4)
(8923,1.0157972499999999E-4)
(8924,1.0157972499999999E-4)
(8925,1.0157972499999999E-4)
(8926,1.0157972499999999E-4)
(8927,1.0157972499999999E-4)
(8928,1.0157972499999999E-4)
(8929,1.0157972499999999E-4)
(8930,1.0157972499999999E-4)
(8931,1.0157972499999999E-4)
(8932,1.0157972499999999E-4)
(8933,1.0157972499999999E-4)
(8934,1.0157972499999999E-4)
(8935,1.0157972499999999E-4)
(8936,1.0157972499999999E-4)
(8937,1.0157972499999999E-4)
(8938,1.0157972499999999E-4)
(8939,1.0157972499999999E-4)
(8940,1.0157972499999999E-4)
(8941,1.0157972499999999E-4)
(8942,1.0157972499999999E-4)
(8943,1.0157972499999999E-4)
(8944,1.0157972499999999E-4)
(8945,1.0157972499999999E-4)
(8946,1.0157972499999999E-4)
(8947,1.0157972499999999E-4)
(8948,1.0157972499999999E-4)
(8949,1.0157972499999999E-4)
(8950,1.0157972499999999E-4)
(8951,1.0157972499999999E-4)
(8952,1.0157972499999999E-4)
(8953,1.0157972499999999E-4)
(8954,1.0157972499999999E-4)
(8955,1.0157972499999999E-4)
(8956,1.0157972499999999E-4)
(8957,1.0157972499999999E-4)
(8958,1.0157972499999999E-4)
(8959,1.0157972499999999E-4)
(8960,1.0157972499999999E-4)
(8961,1.0157972499999999E-4)
(8962,1.0157972499999999E-4)
(8963,1.0157972499999999E-4)
(8964,1.0157972499999999E-4)
(8965,1.0157972499999999E-4)
(8966,1.0157972499999999E-4)
(8967,1.0157972499999999E-4)
(8968,1.0157972499999999E-4)
(8969,1.0157972499999999E-4)
(8970,1.0157972499999999E-4)
(8971,1.0157972499999999E-4)
(8972,1.0157972499999999E-4)
(8973,1.0157972499999999E-4)
(8974,1.0157972499999999E-4)
(8975,1.0157972499999999E-4)
(8976,1.0157972499999999E-4)
(8977,1.0157972499999999E-4)
(8978,1.0157972499999999E-4)
(8979,1.0157972499999999E-4)
(8980,1.0157972499999999E-4)
(8981,1.0157972499999999E-4)
(8982,1.0157972499999999E-4)
(8983,1.0157972499999999E-4)
(8984,1.0157972499999999E-4)
(8985,1.0157972499999999E-4)
(8986,1.0157972499999999E-4)
(8987,1.0157972499999999E-4)
(8988,1.0157972499999999E-4)
(8989,1.0157972499999999E-4)
(8990,1.0157972499999999E-4)
(8991,1.0157972499999999E-4)
(8992,1.0157972499999999E-4)
(8993,1.0157972499999999E-4)
(8994,1.0157972499999999E-4)
(8995,1.0157972499999999E-4)
(8996,1.0157972499999999E-4)
(8997,1.0157972499999999E-4)
(8998,1.0157972499999999E-4)
(8999,1.0157972499999999E-4)
(9000,1.0157972499999999E-4)
(9001,1.5857225E-5)
(9002,2.9329725E-5)
(9003,1.0157972499999999E-4)
(9004,1.0157972499999999E-4)
(9005,1.0157972499999999E-4)
(9006,1.0157972499999999E-4)
(9007,1.0157972499999999E-4)
(9008,1.0157972499999999E-4)
(9009,1.0157972499999999E-4)
(9010,1.0157972499999999E-4)
(9011,1.0157972499999999E-4)
(9012,1.0157972499999999E-4)
(9013,1.0157972499999999E-4)
(9014,1.0157972499999999E-4)
(9015,1.0157972499999999E-4)
(9016,1.0157972499999999E-4)
(9017,1.0157972499999999E-4)
(9018,1.0157972499999999E-4)
(9019,1.0157972499999999E-4)
(9020,1.0157972499999999E-4)
(9021,1.0157972499999999E-4)
(9022,1.0157972499999999E-4)
(9023,1.0157972499999999E-4)
(9024,1.0157972499999999E-4)
(9025,1.0157972499999999E-4)
(9026,1.0157972499999999E-4)
(9027,1.0157972499999999E-4)
(9028,1.0157972499999999E-4)
(9029,1.0157972499999999E-4)
(9030,1.0157972499999999E-4)
(9031,1.0157972499999999E-4)
(9032,1.0157972499999999E-4)
(9033,1.0157972499999999E-4)
(9034,1.0157972499999999E-4)
(9035,1.0157972499999999E-4)
(9036,1.0157972499999999E-4)
(9037,1.0157972499999999E-4)
(9038,1.0157972499999999E-4)
(9039,1.0157972499999999E-4)
(9040,1.0157972499999999E-4)
(9041,1.0157972499999999E-4)
(9042,1.0157972499999999E-4)
(9043,1.0157972499999999E-4)
(9044,1.0157972499999999E-4)
(9045,1.0157972499999999E-4)
(9046,1.0157972499999999E-4)
(9047,1.0157972499999999E-4)
(9048,1.0157972499999999E-4)
(9049,1.0157972499999999E-4)
(9050,1.0157972499999999E-4)
(9051,1.0157972499999999E-4)
(9052,1.0157972499999999E-4)
(9053,1.0157972499999999E-4)
(9054,1.0157972499999999E-4)
(9055,1.0157972499999999E-4)
(9056,1.0157972499999999E-4)
(9057,1.0157972499999999E-4)
(9058,1.0157972499999999E-4)
(9059,1.0157972499999999E-4)
(9060,1.0157972499999999E-4)
(9061,1.0157972499999999E-4)
(9062,1.0157972499999999E-4)
(9063,1.0157972499999999E-4)
(9064,1.0157972499999999E-4)
(9065,1.0157972499999999E-4)
(9066,1.0157972499999999E-4)
(9067,1.0157972499999999E-4)
(9068,1.0157972499999999E-4)
(9069,1.0157972499999999E-4)
(9070,1.0157972499999999E-4)
(9071,1.0157972499999999E-4)
(9072,1.0157972499999999E-4)
(9073,1.0157972499999999E-4)
(9074,1.0157972499999999E-4)
(9075,1.0157972499999999E-4)
(9076,1.0157972499999999E-4)
(9077,1.0157972499999999E-4)
(9078,1.0157972499999999E-4)
(9079,1.0157972499999999E-4)
(9080,1.0157972499999999E-4)
(9081,1.0157972499999999E-4)
(9082,1.0157972499999999E-4)
(9083,1.0157972499999999E-4)
(9084,1.0157972499999999E-4)
(9085,1.0157972499999999E-4)
(9086,1.0157972499999999E-4)
(9087,1.0157972499999999E-4)
(9088,1.0157972499999999E-4)
(9089,1.0157972499999999E-4)
(9090,1.0157972499999999E-4)
(9091,1.0157972499999999E-4)
(9092,1.0157972499999999E-4)
(9093,1.0157972499999999E-4)
(9094,1.0157972499999999E-4)
(9095,1.0157972499999999E-4)
(9096,1.0157972499999999E-4)
(9097,1.0157972499999999E-4)
(9098,1.0157972499999999E-4)
(9099,1.0157972499999999E-4)
(9100,1.0157972499999999E-4)
(9101,1.5857225E-5)
(9102,2.9329725E-5)
(9103,1.0157972499999999E-4)
(9104,1.0157972499999999E-4)
(9105,1.0157972499999999E-4)
(9106,1.0157972499999999E-4)
(9107,1.0157972499999999E-4)
(9108,1.0157972499999999E-4)
(9109,1.0157972499999999E-4)
(9110,1.0157972499999999E-4)
(9111,1.0157972499999999E-4)
(9112,1.0157972499999999E-4)
(9113,1.0157972499999999E-4)
(9114,1.0157972499999999E-4)
(9115,1.0157972499999999E-4)
(9116,1.0157972499999999E-4)
(9117,1.0157972499999999E-4)
(9118,1.0157972499999999E-4)
(9119,1.0157972499999999E-4)
(9120,1.0157972499999999E-4)
(9121,1.0157972499999999E-4)
(9122,1.0157972499999999E-4)
(9123,1.0157972499999999E-4)
(9124,1.0157972499999999E-4)
(9125,1.0157972499999999E-4)
(9126,1.0157972499999999E-4)
(9127,1.0157972499999999E-4)
(9128,1.0157972499999999E-4)
(9129,1.0157972499999999E-4)
(9130,1.0157972499999999E-4)
(9131,1.0157972499999999E-4)
(9132,1.0157972499999999E-4)
(9133,1.0157972499999999E-4)
(9134,1.0157972499999999E-4)
(9135,1.0157972499999999E-4)
(9136,1.0157972499999999E-4)
(9137,1.0157972499999999E-4)
(9138,1.0157972499999999E-4)
(9139,1.0157972499999999E-4)
(9140,1.0157972499999999E-4)
(9141,1.0157972499999999E-4)
(9142,1.0157972499999999E-4)
(9143,1.0157972499999999E-4)
(9144,1.0157972499999999E-4)
(9145,1.0157972499999999E-4)
(9146,1.0157972499999999E-4)
(9147,1.0157972499999999E-4)
(9148,1.0157972499999999E-4)
(9149,1.0157972499999999E-4)
(9150,1.0157972499999999E-4)
(9151,1.0157972499999999E-4)
(9152,1.0157972499999999E-4)
(9153,1.0157972499999999E-4)
(9154,1.0157972499999999E-4)
(9155,1.0157972499999999E-4)
(9156,1.0157972499999999E-4)
(9157,1.0157972499999999E-4)
(9158,1.0157972499999999E-4)
(9159,1.0157972499999999E-4)
(9160,1.0157972499999999E-4)
(9161,1.0157972499999999E-4)
(9162,1.0157972499999999E-4)
(9163,1.0157972499999999E-4)
(9164,1.0157972499999999E-4)
(9165,1.0157972499999999E-4)
(9166,1.0157972499999999E-4)
(9167,1.0157972499999999E-4)
(9168,1.0157972499999999E-4)
(9169,1.0157972499999999E-4)
(9170,1.0157972499999999E-4)
(9171,1.0157972499999999E-4)
(9172,1.0157972499999999E-4)
(9173,1.0157972499999999E-4)
(9174,1.0157972499999999E-4)
(9175,1.0157972499999999E-4)
(9176,1.0157972499999999E-4)
(9177,1.0157972499999999E-4)
(9178,1.0157972499999999E-4)
(9179,1.0157972499999999E-4)
(9180,1.0157972499999999E-4)
(9181,1.0157972499999999E-4)
(9182,1.0157972499999999E-4)
(9183,1.0157972499999999E-4)
(9184,1.0157972499999999E-4)
(9185,1.0157972499999999E-4)
(9186,1.0157972499999999E-4)
(9187,1.0157972499999999E-4)
(9188,1.0157972499999999E-4)
(9189,1.0157972499999999E-4)
(9190,1.0157972499999999E-4)
(9191,1.0157972499999999E-4)
(9192,1.0157972499999999E-4)
(9193,1.0157972499999999E-4)
(9194,1.0157972499999999E-4)
(9195,1.0157972499999999E-4)
(9196,1.0157972499999999E-4)
(9197,1.0157972499999999E-4)
(9198,1.0157972499999999E-4)
(9199,1.0157972499999999E-4)
(9200,1.0157972499999999E-4)
(9201,1.5857225E-5)
(9202,2.9329725E-5)
(9203,1.0157972499999999E-4)
(9204,1.0157972499999999E-4)
(9205,1.0157972499999999E-4)
(9206,1.0157972499999999E-4)
(9207,1.0157972499999999E-4)
(9208,1.0157972499999999E-4)
(9209,1.0157972499999999E-4)
(9210,1.0157972499999999E-4)
(9211,1.0157972499999999E-4)
(9212,1.0157972499999999E-4)
(9213,1.0157972499999999E-4)
(9214,1.0157972499999999E-4)
(9215,1.0157972499999999E-4)
(9216,1.0157972499999999E-4)
(9217,1.0157972499999999E-4)
(9218,1.0157972499999999E-4)
(9219,1.0157972499999999E-4)
(9220,1.0157972499999999E-4)
(9221,1.0157972499999999E-4)
(9222,1.0157972499999999E-4)
(9223,1.0157972499999999E-4)
(9224,1.0157972499999999E-4)
(9225,1.0157972499999999E-4)
(9226,1.0157972499999999E-4)
(9227,1.0157972499999999E-4)
(9228,1.0157972499999999E-4)
(9229,1.0157972499999999E-4)
(9230,1.0157972499999999E-4)
(9231,1.0157972499999999E-4)
(9232,1.0157972499999999E-4)
(9233,1.0157972499999999E-4)
(9234,1.0157972499999999E-4)
(9235,1.0157972499999999E-4)
(9236,1.0157972499999999E-4)
(9237,1.0157972499999999E-4)
(9238,1.0157972499999999E-4)
(9239,1.0157972499999999E-4)
(9240,1.0157972499999999E-4)
(9241,1.0157972499999999E-4)
(9242,1.0157972499999999E-4)
(9243,1.0157972499999999E-4)
(9244,1.0157972499999999E-4)
(9245,1.0157972499999999E-4)
(9246,1.0157972499999999E-4)
(9247,1.0157972499999999E-4)
(9248,1.0157972499999999E-4)
(9249,1.0157972499999999E-4)
(9250,1.0157972499999999E-4)
(9251,1.0157972499999999E-4)
(9252,1.0157972499999999E-4)
(9253,1.0157972499999999E-4)
(9254,1.0157972499999999E-4)
(9255,1.0157972499999999E-4)
(9256,1.0157972499999999E-4)
(9257,1.0157972499999999E-4)
(9258,1.0157972499999999E-4)
(9259,1.0157972499999999E-4)
(9260,1.0157972499999999E-4)
(9261,1.0157972499999999E-4)
(9262,1.0157972499999999E-4)
(9263,1.0157972499999999E-4)
(9264,1.0157972499999999E-4)
(9265,1.0157972499999999E-4)
(9266,1.0157972499999999E-4)
(9267,1.0157972499999999E-4)
(9268,1.0157972499999999E-4)
(9269,1.0157972499999999E-4)
(9270,1.0157972499999999E-4)
(9271,1.0157972499999999E-4)
(9272,1.0157972499999999E-4)
(9273,1.0157972499999999E-4)
(9274,1.0157972499999999E-4)
(9275,1.0157972499999999E-4)
(9276,1.0157972499999999E-4)
(9277,1.0157972499999999E-4)
(9278,1.0157972499999999E-4)
(9279,1.0157972499999999E-4)
(9280,1.0157972499999999E-4)
(9281,1.0157972499999999E-4)
(9282,1.0157972499999999E-4)
(9283,1.0157972499999999E-4)
(9284,1.0157972499999999E-4)
(9285,1.0157972499999999E-4)
(9286,1.0157972499999999E-4)
(9287,1.0157972499999999E-4)
(9288,1.0157972499999999E-4)
(9289,1.0157972499999999E-4)
(9290,1.0157972499999999E-4)
(9291,1.0157972499999999E-4)
(9292,1.0157972499999999E-4)
(9293,1.0157972499999999E-4)
(9294,1.0157972499999999E-4)
(9295,1.0157972499999999E-4)
(9296,1.0157972499999999E-4)
(9297,1.0157972499999999E-4)
(9298,1.0157972499999999E-4)
(9299,1.0157972499999999E-4)
(9300,1.0157972499999999E-4)
(9301,1.5857225E-5)
(9302,2.9329725E-5)
(9303,1.0157972499999999E-4)
(9304,1.0157972499999999E-4)
(9305,1.0157972499999999E-4)
(9306,1.0157972499999999E-4)
(9307,1.0157972499999999E-4)
(9308,1.0157972499999999E-4)
(9309,1.0157972499999999E-4)
(9310,1.0157972499999999E-4)
(9311,1.0157972499999999E-4)
(9312,1.0157972499999999E-4)
(9313,1.0157972499999999E-4)
(9314,1.0157972499999999E-4)
(9315,1.0157972499999999E-4)
(9316,1.0157972499999999E-4)
(9317,1.0157972499999999E-4)
(9318,1.0157972499999999E-4)
(9319,1.0157972499999999E-4)
(9320,1.0157972499999999E-4)
(9321,1.0157972499999999E-4)
(9322,1.0157972499999999E-4)
(9323,1.0157972499999999E-4)
(9324,1.0157972499999999E-4)
(9325,1.0157972499999999E-4)
(9326,1.0157972499999999E-4)
(9327,1.0157972499999999E-4)
(9328,1.0157972499999999E-4)
(9329,1.0157972499999999E-4)
(9330,1.0157972499999999E-4)
(9331,1.0157972499999999E-4)
(9332,1.0157972499999999E-4)
(9333,1.0157972499999999E-4)
(9334,1.0157972499999999E-4)
(9335,1.0157972499999999E-4)
(9336,1.0157972499999999E-4)
(9337,1.0157972499999999E-4)
(9338,1.0157972499999999E-4)
(9339,1.0157972499999999E-4)
(9340,1.0157972499999999E-4)
(9341,1.0157972499999999E-4)
(9342,1.0157972499999999E-4)
(9343,1.0157972499999999E-4)
(9344,1.0157972499999999E-4)
(9345,1.0157972499999999E-4)
(9346,1.0157972499999999E-4)
(9347,1.0157972499999999E-4)
(9348,1.0157972499999999E-4)
(9349,1.0157972499999999E-4)
(9350,1.0157972499999999E-4)
(9351,1.0157972499999999E-4)
(9352,1.0157972499999999E-4)
(9353,1.0157972499999999E-4)
(9354,1.0157972499999999E-4)
(9355,1.0157972499999999E-4)
(9356,1.0157972499999999E-4)
(9357,1.0157972499999999E-4)
(9358,1.0157972499999999E-4)
(9359,1.0157972499999999E-4)
(9360,1.0157972499999999E-4)
(9361,1.0157972499999999E-4)
(9362,1.0157972499999999E-4)
(9363,1.0157972499999999E-4)
(9364,1.0157972499999999E-4)
(9365,1.0157972499999999E-4)
(9366,1.0157972499999999E-4)
(9367,1.0157972499999999E-4)
(9368,1.0157972499999999E-4)
(9369,1.0157972499999999E-4)
(9370,1.0157972499999999E-4)
(9371,1.0157972499999999E-4)
(9372,1.0157972499999999E-4)
(9373,1.0157972499999999E-4)
(9374,1.0157972499999999E-4)
(9375,1.0157972499999999E-4)
(9376,1.0157972499999999E-4)
(9377,1.0157972499999999E-4)
(9378,1.0157972499999999E-4)
(9379,1.0157972499999999E-4)
(9380,1.0157972499999999E-4)
(9381,1.0157972499999999E-4)
(9382,1.0157972499999999E-4)
(9383,1.0157972499999999E-4)
(9384,1.0157972499999999E-4)
(9385,1.0157972499999999E-4)
(9386,1.0157972499999999E-4)
(9387,1.0157972499999999E-4)
(9388,1.0157972499999999E-4)
(9389,1.0157972499999999E-4)
(9390,1.0157972499999999E-4)
(9391,1.0157972499999999E-4)
(9392,1.0157972499999999E-4)
(9393,1.0157972499999999E-4)
(9394,1.0157972499999999E-4)
(9395,1.0157972499999999E-4)
(9396,1.0157972499999999E-4)
(9397,1.0157972499999999E-4)
(9398,1.0157972499999999E-4)
(9399,1.0157972499999999E-4)
(9400,1.0157972499999999E-4)
(9401,1.5857225E-5)
(9402,2.9329725E-5)
(9403,1.0157972499999999E-4)
(9404,1.0157972499999999E-4)
(9405,1.0157972499999999E-4)
(9406,1.0157972499999999E-4)
(9407,1.0157972499999999E-4)
(9408,1.0157972499999999E-4)
(9409,1.0157972499999999E-4)
(9410,1.0157972499999999E-4)
(9411,1.0157972499999999E-4)
(9412,1.0157972499999999E-4)
(9413,1.0157972499999999E-4)
(9414,1.0157972499999999E-4)
(9415,1.0157972499999999E-4)
(9416,1.0157972499999999E-4)
(9417,1.0157972499999999E-4)
(9418,1.0157972499999999E-4)
(9419,1.0157972499999999E-4)
(9420,1.0157972499999999E-4)
(9421,1.0157972499999999E-4)
(9422,1.0157972499999999E-4)
(9423,1.0157972499999999E-4)
(9424,1.0157972499999999E-4)
(9425,1.0157972499999999E-4)
(9426,1.0157972499999999E-4)
(9427,1.0157972499999999E-4)
(9428,1.0157972499999999E-4)
(9429,1.0157972499999999E-4)
(9430,1.0157972499999999E-4)
(9431,1.0157972499999999E-4)
(9432,1.0157972499999999E-4)
(9433,1.0157972499999999E-4)
(9434,1.0157972499999999E-4)
(9435,1.0157972499999999E-4)
(9436,1.0157972499999999E-4)
(9437,1.0157972499999999E-4)
(9438,1.0157972499999999E-4)
(9439,1.0157972499999999E-4)
(9440,1.0157972499999999E-4)
(9441,1.0157972499999999E-4)
(9442,1.0157972499999999E-4)
(9443,1.0157972499999999E-4)
(9444,1.0157972499999999E-4)
(9445,1.0157972499999999E-4)
(9446,1.0157972499999999E-4)
(9447,1.0157972499999999E-4)
(9448,1.0157972499999999E-4)
(9449,1.0157972499999999E-4)
(9450,1.0157972499999999E-4)
(9451,1.0157972499999999E-4)
(9452,1.0157972499999999E-4)
(9453,1.0157972499999999E-4)
(9454,1.0157972499999999E-4)
(9455,1.0157972499999999E-4)
(9456,1.0157972499999999E-4)
(9457,1.0157972499999999E-4)
(9458,1.0157972499999999E-4)
(9459,1.0157972499999999E-4)
(9460,1.0157972499999999E-4)
(9461,1.0157972499999999E-4)
(9462,1.0157972499999999E-4)
(9463,1.0157972499999999E-4)
(9464,1.0157972499999999E-4)
(9465,1.0157972499999999E-4)
(9466,1.0157972499999999E-4)
(9467,1.0157972499999999E-4)
(9468,1.0157972499999999E-4)
(9469,1.0157972499999999E-4)
(9470,1.0157972499999999E-4)
(9471,1.0157972499999999E-4)
(9472,1.0157972499999999E-4)
(9473,1.0157972499999999E-4)
(9474,1.0157972499999999E-4)
(9475,1.0157972499999999E-4)
(9476,1.0157972499999999E-4)
(9477,1.0157972499999999E-4)
(9478,1.0157972499999999E-4)
(9479,1.0157972499999999E-4)
(9480,1.0157972499999999E-4)
(9481,1.0157972499999999E-4)
(9482,1.0157972499999999E-4)
(9483,1.0157972499999999E-4)
(9484,1.0157972499999999E-4)
(9485,1.0157972499999999E-4)
(9486,1.0157972499999999E-4)
(9487,1.0157972499999999E-4)
(9488,1.0157972499999999E-4)
(9489,1.0157972499999999E-4)
(9490,1.0157972499999999E-4)
(9491,1.0157972499999999E-4)
(9492,1.0157972499999999E-4)
(9493,1.0157972499999999E-4)
(9494,1.0157972499999999E-4)
(9495,1.0157972499999999E-4)
(9496,1.0157972499999999E-4)
(9497,1.0157972499999999E-4)
(9498,1.0157972499999999E-4)
(9499,1.0157972499999999E-4)
(9500,1.0157972499999999E-4)
(9501,1.5857225E-5)
(9502,2.9329725E-5)
(9503,1.0157972499999999E-4)
(9504,1.0157972499999999E-4)
(9505,1.0157972499999999E-4)
(9506,1.0157972499999999E-4)
(9507,1.0157972499999999E-4)
(9508,1.0157972499999999E-4)
(9509,1.0157972499999999E-4)
(9510,1.0157972499999999E-4)
(9511,1.0157972499999999E-4)
(9512,1.0157972499999999E-4)
(9513,1.0157972499999999E-4)
(9514,1.0157972499999999E-4)
(9515,1.0157972499999999E-4)
(9516,1.0157972499999999E-4)
(9517,1.0157972499999999E-4)
(9518,1.0157972499999999E-4)
(9519,1.0157972499999999E-4)
(9520,1.0157972499999999E-4)
(9521,1.0157972499999999E-4)
(9522,1.0157972499999999E-4)
(9523,1.0157972499999999E-4)
(9524,1.0157972499999999E-4)
(9525,1.0157972499999999E-4)
(9526,1.0157972499999999E-4)
(9527,1.0157972499999999E-4)
(9528,1.0157972499999999E-4)
(9529,1.0157972499999999E-4)
(9530,1.0157972499999999E-4)
(9531,1.0157972499999999E-4)
(9532,1.0157972499999999E-4)
(9533,1.0157972499999999E-4)
(9534,1.0157972499999999E-4)
(9535,1.0157972499999999E-4)
(9536,1.0157972499999999E-4)
(9537,1.0157972499999999E-4)
(9538,1.0157972499999999E-4)
(9539,1.0157972499999999E-4)
(9540,1.0157972499999999E-4)
(9541,1.0157972499999999E-4)
(9542,1.0157972499999999E-4)
(9543,1.0157972499999999E-4)
(9544,1.0157972499999999E-4)
(9545,1.0157972499999999E-4)
(9546,1.0157972499999999E-4)
(9547,1.0157972499999999E-4)
(9548,1.0157972499999999E-4)
(9549,1.0157972499999999E-4)
(9550,1.0157972499999999E-4)
(9551,1.0157972499999999E-4)
(9552,1.0157972499999999E-4)
(9553,1.0157972499999999E-4)
(9554,1.0157972499999999E-4)
(9555,1.0157972499999999E-4)
(9556,1.0157972499999999E-4)
(9557,1.0157972499999999E-4)
(9558,1.0157972499999999E-4)
(9559,1.0157972499999999E-4)
(9560,1.0157972499999999E-4)
(9561,1.0157972499999999E-4)
(9562,1.0157972499999999E-4)
(9563,1.0157972499999999E-4)
(9564,1.0157972499999999E-4)
(9565,1.0157972499999999E-4)
(9566,1.0157972499999999E-4)
(9567,1.0157972499999999E-4)
(9568,1.0157972499999999E-4)
(9569,1.0157972499999999E-4)
(9570,1.0157972499999999E-4)
(9571,1.0157972499999999E-4)
(9572,1.0157972499999999E-4)
(9573,1.0157972499999999E-4)
(9574,1.0157972499999999E-4)
(9575,1.0157972499999999E-4)
(9576,1.0157972499999999E-4)
(9577,1.0157972499999999E-4)
(9578,1.0157972499999999E-4)
(9579,1.0157972499999999E-4)
(9580,1.0157972499999999E-4)
(9581,1.0157972499999999E-4)
(9582,1.0157972499999999E-4)
(9583,1.0157972499999999E-4)
(9584,1.0157972499999999E-4)
(9585,1.0157972499999999E-4)
(9586,1.0157972499999999E-4)
(9587,1.0157972499999999E-4)
(9588,1.0157972499999999E-4)
(9589,1.0157972499999999E-4)
(9590,1.0157972499999999E-4)
(9591,1.0157972499999999E-4)
(9592,1.0157972499999999E-4)
(9593,1.0157972499999999E-4)
(9594,1.0157972499999999E-4)
(9595,1.0157972499999999E-4)
(9596,1.0157972499999999E-4)
(9597,1.0157972499999999E-4)
(9598,1.0157972499999999E-4)
(9599,1.0157972499999999E-4)
(9600,1.0157972499999999E-4)
(9601,1.5857225E-5)
(9602,2.9329725E-5)
(9603,1.0157972499999999E-4)
(9604,1.0157972499999999E-4)
(9605,1.0157972499999999E-4)
(9606,1.0157972499999999E-4)
(9607,1.0157972499999999E-4)
(9608,1.0157972499999999E-4)
(9609,1.0157972499999999E-4)
(9610,1.0157972499999999E-4)
(9611,1.0157972499999999E-4)
(9612,1.0157972499999999E-4)
(9613,1.0157972499999999E-4)
(9614,1.0157972499999999E-4)
(9615,1.0157972499999999E-4)
(9616,1.0157972499999999E-4)
(9617,1.0157972499999999E-4)
(9618,1.0157972499999999E-4)
(9619,1.0157972499999999E-4)
(9620,1.0157972499999999E-4)
(9621,1.0157972499999999E-4)
(9622,1.0157972499999999E-4)
(9623,1.0157972499999999E-4)
(9624,1.0157972499999999E-4)
(9625,1.0157972499999999E-4)
(9626,1.0157972499999999E-4)
(9627,1.0157972499999999E-4)
(9628,1.0157972499999999E-4)
(9629,1.0157972499999999E-4)
(9630,1.0157972499999999E-4)
(9631,1.0157972499999999E-4)
(9632,1.0157972499999999E-4)
(9633,1.0157972499999999E-4)
(9634,1.0157972499999999E-4)
(9635,1.0157972499999999E-4)
(9636,1.0157972499999999E-4)
(9637,1.0157972499999999E-4)
(9638,1.0157972499999999E-4)
(9639,1.0157972499999999E-4)
(9640,1.0157972499999999E-4)
(9641,1.0157972499999999E-4)
(9642,1.0157972499999999E-4)
(9643,1.0157972499999999E-4)
(9644,1.0157972499999999E-4)
(9645,1.0157972499999999E-4)
(9646,1.0157972499999999E-4)
(9647,1.0157972499999999E-4)
(9648,1.0157972499999999E-4)
(9649,1.0157972499999999E-4)
(9650,1.0157972499999999E-4)
(9651,1.0157972499999999E-4)
(9652,1.0157972499999999E-4)
(9653,1.0157972499999999E-4)
(9654,1.0157972499999999E-4)
(9655,1.0157972499999999E-4)
(9656,1.0157972499999999E-4)
(9657,1.0157972499999999E-4)
(9658,1.0157972499999999E-4)
(9659,1.0157972499999999E-4)
(9660,1.0157972499999999E-4)
(9661,1.0157972499999999E-4)
(9662,1.0157972499999999E-4)
(9663,1.0157972499999999E-4)
(9664,1.0157972499999999E-4)
(9665,1.0157972499999999E-4)
(9666,1.0157972499999999E-4)
(9667,1.0157972499999999E-4)
(9668,1.0157972499999999E-4)
(9669,1.0157972499999999E-4)
(9670,1.0157972499999999E-4)
(9671,1.0157972499999999E-4)
(9672,1.0157972499999999E-4)
(9673,1.0157972499999999E-4)
(9674,1.0157972499999999E-4)
(9675,1.0157972499999999E-4)
(9676,1.0157972499999999E-4)
(9677,1.0157972499999999E-4)
(9678,1.0157972499999999E-4)
(9679,1.0157972499999999E-4)
(9680,1.0157972499999999E-4)
(9681,1.0157972499999999E-4)
(9682,1.0157972499999999E-4)
(9683,1.0157972499999999E-4)
(9684,1.0157972499999999E-4)
(9685,1.0157972499999999E-4)
(9686,1.0157972499999999E-4)
(9687,1.0157972499999999E-4)
(9688,1.0157972499999999E-4)
(9689,1.0157972499999999E-4)
(9690,1.0157972499999999E-4)
(9691,1.0157972499999999E-4)
(9692,1.0157972499999999E-4)
(9693,1.0157972499999999E-4)
(9694,1.0157972499999999E-4)
(9695,1.0157972499999999E-4)
(9696,1.0157972499999999E-4)
(9697,1.0157972499999999E-4)
(9698,1.0157972499999999E-4)
(9699,1.0157972499999999E-4)
(9700,1.0157972499999999E-4)
(9701,1.5857225E-5)
(9702,2.9329725E-5)
(9703,1.0157972499999999E-4)
(9704,1.0157972499999999E-4)
(9705,1.0157972499999999E-4)
(9706,1.0157972499999999E-4)
(9707,1.0157972499999999E-4)
(9708,1.0157972499999999E-4)
(9709,1.0157972499999999E-4)
(9710,1.0157972499999999E-4)
(9711,1.0157972499999999E-4)
(9712,1.0157972499999999E-4)
(9713,1.0157972499999999E-4)
(9714,1.0157972499999999E-4)
(9715,1.0157972499999999E-4)
(9716,1.0157972499999999E-4)
(9717,1.0157972499999999E-4)
(9718,1.0157972499999999E-4)
(9719,1.0157972499999999E-4)
(9720,1.0157972499999999E-4)
(9721,1.0157972499999999E-4)
(9722,1.0157972499999999E-4)
(9723,1.0157972499999999E-4)
(9724,1.0157972499999999E-4)
(9725,1.0157972499999999E-4)
(9726,1.0157972499999999E-4)
(9727,1.0157972499999999E-4)
(9728,1.0157972499999999E-4)
(9729,1.0157972499999999E-4)
(9730,1.0157972499999999E-4)
(9731,1.0157972499999999E-4)
(9732,1.0157972499999999E-4)
(9733,1.0157972499999999E-4)
(9734,1.0157972499999999E-4)
(9735,1.0157972499999999E-4)
(9736,1.0157972499999999E-4)
(9737,1.0157972499999999E-4)
(9738,1.0157972499999999E-4)
(9739,1.0157972499999999E-4)
(9740,1.0157972499999999E-4)
(9741,1.0157972499999999E-4)
(9742,1.0157972499999999E-4)
(9743,1.0157972499999999E-4)
(9744,1.0157972499999999E-4)
(9745,1.0157972499999999E-4)
(9746,1.0157972499999999E-4)
(9747,1.0157972499999999E-4)
(9748,1.0157972499999999E-4)
(9749,1.0157972499999999E-4)
(9750,1.0157972499999999E-4)
(9751,1.0157972499999999E-4)
(9752,1.0157972499999999E-4)
(9753,1.0157972499999999E-4)
(9754,1.0157972499999999E-4)
(9755,1.0157972499999999E-4)
(9756,1.0157972499999999E-4)
(9757,1.0157972499999999E-4)
(9758,1.0157972499999999E-4)
(9759,1.0157972499999999E-4)
(9760,1.0157972499999999E-4)
(9761,1.0157972499999999E-4)
(9762,1.0157972499999999E-4)
(9763,1.0157972499999999E-4)
(9764,1.0157972499999999E-4)
(9765,1.0157972499999999E-4)
(9766,1.0157972499999999E-4)
(9767,1.0157972499999999E-4)
(9768,1.0157972499999999E-4)
(9769,1.0157972499999999E-4)
(9770,1.0157972499999999E-4)
(9771,1.0157972499999999E-4)
(9772,1.0157972499999999E-4)
(9773,1.0157972499999999E-4)
(9774,1.0157972499999999E-4)
(9775,1.0157972499999999E-4)
(9776,1.0157972499999999E-4)
(9777,1.0157972499999999E-4)
(9778,1.0157972499999999E-4)
(9779,1.0157972499999999E-4)
(9780,1.0157972499999999E-4)
(9781,1.0157972499999999E-4)
(9782,1.0157972499999999E-4)
(9783,1.0157972499999999E-4)
(9784,1.0157972499999999E-4)
(9785,1.0157972499999999E-4)
(9786,1.0157972499999999E-4)
(9787,1.0157972499999999E-4)
(9788,1.0157972499999999E-4)
(9789,1.0157972499999999E-4)
(9790,1.0157972499999999E-4)
(9791,1.0157972499999999E-4)
(9792,1.0157972499999999E-4)
(9793,1.0157972499999999E-4)
(9794,1.0157972499999999E-4)
(9795,1.0157972499999999E-4)
(9796,1.0157972499999999E-4)
(9797,1.0157972499999999E-4)
(9798,1.0157972499999999E-4)
(9799,1.0157972499999999E-4)
(9800,1.0157972499999999E-4)
(9801,1.5857225E-5)
(9802,2.9329725E-5)
(9803,1.0157972499999999E-4)
(9804,1.0157972499999999E-4)
(9805,1.0157972499999999E-4)
(9806,1.0157972499999999E-4)
(9807,1.0157972499999999E-4)
(9808,1.0157972499999999E-4)
(9809,1.0157972499999999E-4)
(9810,1.0157972499999999E-4)
(9811,1.0157972499999999E-4)
(9812,1.0157972499999999E-4)
(9813,1.0157972499999999E-4)
(9814,1.0157972499999999E-4)
(9815,1.0157972499999999E-4)
(9816,1.0157972499999999E-4)
(9817,1.0157972499999999E-4)
(9818,1.0157972499999999E-4)
(9819,1.0157972499999999E-4)
(9820,1.0157972499999999E-4)
(9821,1.0157972499999999E-4)
(9822,1.0157972499999999E-4)
(9823,1.0157972499999999E-4)
(9824,1.0157972499999999E-4)
(9825,1.0157972499999999E-4)
(9826,1.0157972499999999E-4)
(9827,1.0157972499999999E-4)
(9828,1.0157972499999999E-4)
(9829,1.0157972499999999E-4)
(9830,1.0157972499999999E-4)
(9831,1.0157972499999999E-4)
(9832,1.0157972499999999E-4)
(9833,1.0157972499999999E-4)
(9834,1.0157972499999999E-4)
(9835,1.0157972499999999E-4)
(9836,1.0157972499999999E-4)
(9837,1.0157972499999999E-4)
(9838,1.0157972499999999E-4)
(9839,1.0157972499999999E-4)
(9840,1.0157972499999999E-4)
(9841,1.0157972499999999E-4)
(9842,1.0157972499999999E-4)
(9843,1.0157972499999999E-4)
(9844,1.0157972499999999E-4)
(9845,1.0157972499999999E-4)
(9846,1.0157972499999999E-4)
(9847,1.0157972499999999E-4)
(9848,1.0157972499999999E-4)
(9849,1.0157972499999999E-4)
(9850,1.0157972499999999E-4)
(9851,1.0157972499999999E-4)
(9852,1.0157972499999999E-4)
(9853,1.0157972499999999E-4)
(9854,1.0157972499999999E-4)
(9855,1.0157972499999999E-4)
(9856,1.0157972499999999E-4)
(9857,1.0157972499999999E-4)
(9858,1.0157972499999999E-4)
(9859,1.0157972499999999E-4)
(9860,1.0157972499999999E-4)
(9861,1.0157972499999999E-4)
(9862,1.0157972499999999E-4)
(9863,1.0157972499999999E-4)
(9864,1.0157972499999999E-4)
(9865,1.0157972499999999E-4)
(9866,1.0157972499999999E-4)
(9867,1.0157972499999999E-4)
(9868,1.0157972499999999E-4)
(9869,1.0157972499999999E-4)
(9870,1.0157972499999999E-4)
(9871,1.0157972499999999E-4)
(9872,1.0157972499999999E-4)
(9873,1.0157972499999999E-4)
(9874,1.0157972499999999E-4)
(9875,1.0157972499999999E-4)
(9876,1.0157972499999999E-4)
(9877,1.0157972499999999E-4)
(9878,1.0157972499999999E-4)
(9879,1.0157972499999999E-4)
(9880,1.0157972499999999E-4)
(9881,1.0157972499999999E-4)
(9882,1.0157972499999999E-4)
(9883,1.0157972499999999E-4)
(9884,1.0157972499999999E-4)
(9885,1.0157972499999999E-4)
(9886,1.0157972499999999E-4)
(9887,1.0157972499999999E-4)
(9888,1.0157972499999999E-4)
(9889,1.0157972499999999E-4)
(9890,1.0157972499999999E-4)
(9891,1.0157972499999999E-4)
(9892,1.0157972499999999E-4)
(9893,1.0157972499999999E-4)
(9894,1.0157972499999999E-4)
(9895,1.0157972499999999E-4)
(9896,1.0157972499999999E-4)
(9897,1.0157972499999999E-4)
(9898,1.0157972499999999E-4)
(9899,1.0157972499999999E-4)
(9900,1.0157972499999999E-4)
(9901,1.5857225E-5)
(9902,2.9329725E-5)
(9903,1.0157972499999999E-4)
(9904,1.0157972499999999E-4)
(9905,1.0157972499999999E-4)
(9906,1.0157972499999999E-4)
(9907,1.0157972499999999E-4)
(9908,1.0157972499999999E-4)
(9909,1.0157972499999999E-4)
(9910,1.0157972499999999E-4)
(9911,1.0157972499999999E-4)
(9912,1.0157972499999999E-4)
(9913,1.0157972499999999E-4)
(9914,1.0157972499999999E-4)
(9915,1.0157972499999999E-4)
(9916,1.0157972499999999E-4)
(9917,1.0157972499999999E-4)
(9918,1.0157972499999999E-4)
(9919,1.0157972499999999E-4)
(9920,1.0157972499999999E-4)
(9921,1.0157972499999999E-4)
(9922,1.0157972499999999E-4)
(9923,1.0157972499999999E-4)
(9924,1.0157972499999999E-4)
(9925,1.0157972499999999E-4)
(9926,1.0157972499999999E-4)
(9927,1.0157972499999999E-4)
(9928,1.0157972499999999E-4)
(9929,1.0157972499999999E-4)
(9930,1.0157972499999999E-4)
(9931,1.0157972499999999E-4)
(9932,1.0157972499999999E-4)
(9933,1.0157972499999999E-4)
(9934,1.0157972499999999E-4)
(9935,1.0157972499999999E-4)
(9936,1.0157972499999999E-4)
(9937,1.0157972499999999E-4)
(9938,1.0157972499999999E-4)
(9939,1.0157972499999999E-4)
(9940,1.0157972499999999E-4)
(9941,1.0157972499999999E-4)
(9942,1.0157972499999999E-4)
(9943,1.0157972499999999E-4)
(9944,1.0157972499999999E-4)
(9945,1.0157972499999999E-4)
(9946,1.0157972499999999E-4)
(9947,1.0157972499999999E-4)
(9948,1.0157972499999999E-4)
(9949,1.0157972499999999E-4)
(9950,1.0157972499999999E-4)
(9951,1.0157972499999999E-4)
(9952,1.0157972499999999E-4)
(9953,1.0157972499999999E-4)
(9954,1.0157972499999999E-4)
(9955,1.0157972499999999E-4)
(9956,1.0157972499999999E-4)
(9957,1.0157972499999999E-4)
(9958,1.0157972499999999E-4)
(9959,1.0157972499999999E-4)
(9960,1.0157972499999999E-4)
(9961,1.0157972499999999E-4)
(9962,1.0157972499999999E-4)
(9963,1.0157972499999999E-4)
(9964,1.0157972499999999E-4)
(9965,1.0157972499999999E-4)
(9966,1.0157972499999999E-4)
(9967,1.0157972499999999E-4)
(9968,1.0157972499999999E-4)
(9969,1.0157972499999999E-4)
(9970,1.0157972499999999E-4)
(9971,1.0157972499999999E-4)
(9972,1.0157972499999999E-4)
(9973,1.0157972499999999E-4)
(9974,1.0157972499999999E-4)
(9975,1.0157972499999999E-4)
(9976,1.0157972499999999E-4)
(9977,1.0157972499999999E-4)
(9978,1.0157972499999999E-4)
(9979,1.0157972499999999E-4)
(9980,1.0157972499999999E-4)
(9981,1.0157972499999999E-4)
(9982,1.0157972499999999E-4)
(9983,1.0157972499999999E-4)
(9984,1.0157972499999999E-4)
(9985,1.0157972499999999E-4)
(9986,1.0157972499999999E-4)
(9987,1.0157972499999999E-4)
(9988,1.0157972499999999E-4)
(9989,1.0157972499999999E-4)
(9990,1.0157972499999999E-4)
(9991,1.0157972499999999E-4)
(9992,1.0157972499999999E-4)
(9993,1.0157972499999999E-4)
(9994,1.0157972499999999E-4)
(9995,1.0157972499999999E-4)
(9996,1.0157972499999999E-4)
(9997,1.0157972499999999E-4)
(9998,1.0157972499999999E-4)
(9999,1.0157972499999999E-4)
(10000,1.0157972499999999E-4)
